[header]
width=128
height=32
tilewidth=16
tileheight=16
orientation=orthogonal

[tilesets]
tileset=cs3113/assets/sprite_sheets/arne_sprites.png,16,16,0,0

[layer]
type=Tile Layer 1
data=
98,0,0,0,0,0,0,0,0,0,0,0,0,0,0,0,0,0,0,114,115,0,0,0,0,0,0,0,0,0,0,0,0,0,0,0,0,0,0,0,0,0,0,0,0,0,0,0,0,0,0,0,0,0,0,0,0,0,0,0,0,0,0,0,0,0,0,0,0,0,0,0,0,0,0,0,0,0,0,0,0,0,0,0,0,0,0,0,0,0,0,0,0,0,0,0,0,0,0,0,0,0,0,0,0,0,0,0,0,0,0,0,0,0,0,0,0,0,0,0,0,0,0,0,0,0,0,0,
0,0,0,0,0,0,0,0,0,0,0,0,0,0,0,0,0,0,0,0,0,0,0,0,0,0,0,0,0,113,0,0,0,0,0,0,0,0,0,0,0,0,0,0,0,0,0,0,0,0,97,98,0,0,0,0,0,0,0,97,98,0,0,0,0,0,0,0,0,0,0,0,0,0,0,0,0,0,97,98,0,0,0,0,0,0,0,0,0,0,0,113,0,0,0,0,0,97,98,0,0,0,0,0,0,0,113,0,0,0,0,0,114,115,0,0,0,0,0,0,0,0,0,0,114,115,0,0,
0,0,113,0,0,0,0,0,0,0,0,0,0,0,0,0,0,113,0,0,0,0,0,0,0,0,0,0,0,0,0,0,0,0,0,0,0,0,0,0,0,0,0,0,114,115,0,0,0,0,0,0,0,0,0,0,0,0,0,0,0,0,0,0,0,0,0,0,0,0,0,0,0,0,0,0,0,113,0,0,0,0,0,0,0,0,0,0,0,0,0,0,0,0,0,0,0,0,0,0,0,0,0,0,0,0,0,0,0,0,0,0,0,0,0,0,0,0,0,0,0,0,0,0,0,0,0,0,
0,0,0,0,97,98,0,0,0,0,97,98,0,0,0,0,0,0,0,0,0,0,0,0,0,0,0,97,98,0,0,0,113,0,0,0,0,0,0,97,98,0,0,0,0,0,0,0,0,0,0,0,0,0,0,0,0,113,0,0,0,0,0,0,0,113,0,0,0,0,0,0,0,0,0,0,0,0,0,0,0,0,0,0,0,0,0,0,97,98,0,0,0,0,113,0,0,0,0,0,0,0,113,0,0,0,0,0,0,0,0,0,0,0,0,0,0,0,0,0,0,0,0,0,0,0,0,0,
0,113,0,0,0,0,0,0,0,0,0,0,0,0,0,0,0,0,0,0,0,0,0,0,0,0,0,0,0,0,0,0,0,0,0,0,0,0,0,0,0,0,113,0,0,0,0,0,0,0,0,0,0,0,0,0,0,0,0,0,0,0,0,0,0,0,0,0,0,97,98,0,0,0,0,0,0,0,0,0,0,0,0,0,113,0,0,0,0,0,0,0,0,0,0,0,0,0,0,0,0,0,0,0,0,0,97,98,0,0,0,0,0,0,0,0,97,98,0,0,0,0,0,0,113,0,0,0,
0,0,0,0,0,0,97,98,0,0,0,0,0,0,0,0,0,0,0,0,0,0,0,0,0,0,0,0,0,0,0,0,0,0,0,0,0,0,0,0,0,0,0,0,0,0,0,0,0,0,0,0,0,113,0,0,0,0,0,0,0,0,0,0,0,0,0,0,0,0,0,0,0,0,0,0,0,0,0,0,0,0,0,0,0,0,0,0,0,0,0,0,0,0,0,0,0,0,0,0,0,0,0,0,0,0,0,0,0,0,0,0,0,0,0,0,0,0,0,0,0,0,0,0,0,0,0,0,
0,0,0,0,0,0,0,0,0,0,0,0,0,0,0,0,0,0,97,98,0,0,0,0,0,0,0,0,0,0,0,0,0,0,0,0,0,0,0,0,0,0,0,0,0,0,0,0,0,0,0,0,0,0,0,0,0,0,0,0,113,0,0,0,0,0,0,0,0,0,0,0,0,0,0,113,0,0,0,0,0,0,0,0,0,0,0,0,0,0,0,0,0,0,0,114,115,0,0,0,0,0,0,0,0,0,0,0,0,0,0,0,0,0,0,0,0,0,0,0,0,0,0,0,0,0,0,0,
0,0,0,0,0,0,0,0,0,0,0,0,0,0,0,0,0,0,0,0,0,0,0,0,0,0,0,0,0,0,0,0,0,0,0,0,0,0,0,113,0,0,0,0,0,0,0,0,0,0,0,0,0,0,0,0,0,0,0,0,0,0,0,0,0,0,0,113,0,0,0,0,0,0,0,0,0,0,0,0,0,0,0,0,0,0,0,0,0,0,0,0,113,0,0,0,0,0,0,0,0,0,0,0,0,0,0,0,0,0,0,0,0,0,0,113,0,0,0,0,0,0,0,0,0,0,0,0,
0,0,0,0,113,0,0,0,0,0,0,0,0,0,0,0,0,0,0,0,0,0,0,0,0,0,97,98,0,0,7,8,7,0,0,0,0,0,0,0,0,0,0,0,0,0,0,0,0,0,0,0,0,0,0,0,0,0,0,0,0,0,0,0,0,0,0,0,0,0,0,0,0,0,0,0,0,0,0,0,0,0,0,0,0,0,0,0,0,0,0,0,0,0,0,0,0,0,0,0,0,0,0,0,0,0,0,0,0,0,0,0,0,97,98,0,0,0,0,0,0,0,0,0,113,0,0,0,
97,98,0,0,0,0,0,0,0,0,97,98,0,0,0,0,0,0,0,0,0,0,0,0,0,0,0,0,0,0,0,0,0,0,0,0,114,115,0,0,0,0,0,0,0,97,98,0,0,0,0,0,0,0,0,0,0,0,0,0,0,0,0,0,97,98,0,0,0,0,0,0,0,0,0,0,0,0,0,0,0,0,0,0,0,0,0,0,0,0,0,0,0,0,0,0,0,0,0,0,0,0,0,0,0,0,0,0,0,0,0,0,0,0,0,0,0,0,0,0,0,0,0,0,0,0,0,0,
0,0,0,0,0,0,0,0,0,0,0,0,0,0,0,0,0,0,0,0,0,0,0,0,0,0,0,0,0,0,0,0,0,0,0,0,0,0,0,0,0,0,0,0,0,0,0,0,0,0,0,0,0,0,97,98,0,0,0,0,0,0,0,0,0,0,0,0,0,0,0,0,0,0,0,0,0,0,0,0,0,0,0,97,98,0,0,0,0,0,0,0,0,0,0,0,0,0,97,98,0,0,0,0,0,0,0,0,0,0,0,0,0,0,0,0,0,0,0,0,0,0,0,0,97,98,0,0,
0,0,0,0,0,0,0,0,0,0,0,0,0,0,0,0,0,0,0,0,0,0,0,0,0,0,0,0,0,0,0,0,0,0,0,0,0,0,0,0,0,0,0,7,7,7,8,7,7,0,0,0,0,0,0,0,0,0,0,0,0,0,0,0,0,0,0,0,0,0,0,0,0,97,98,0,0,0,0,0,0,0,0,0,0,0,0,0,0,0,0,0,0,0,0,0,0,0,0,0,0,0,0,0,0,0,0,0,0,0,0,0,0,0,0,0,114,115,0,0,0,0,0,0,0,0,0,0,
0,0,0,0,0,0,0,0,0,0,0,0,0,0,0,0,0,0,0,0,0,0,0,0,0,0,0,0,7,7,7,0,7,7,7,7,0,0,0,0,0,0,0,0,0,0,0,0,0,0,0,0,0,0,0,0,0,0,0,0,0,0,0,0,0,0,0,0,0,0,0,0,0,0,0,0,0,0,0,0,0,0,0,0,0,0,0,0,0,114,115,0,0,0,0,0,0,0,0,0,0,0,0,0,0,0,0,0,0,0,0,0,0,0,0,0,0,0,0,0,0,0,0,0,0,0,0,0,
0,0,0,0,0,0,0,0,0,0,0,0,0,0,0,0,0,0,0,0,0,0,0,0,0,0,0,0,0,0,0,0,0,0,0,0,0,0,0,0,0,0,0,0,0,0,0,0,0,0,0,0,0,0,0,0,0,0,0,0,0,0,0,0,0,0,0,0,0,0,0,0,0,0,0,0,0,0,0,0,0,0,0,0,0,0,0,0,0,0,0,0,0,0,0,0,0,0,0,0,0,0,0,0,0,0,0,0,0,0,0,0,0,0,0,0,0,0,0,0,0,0,0,0,0,0,0,0,
0,0,0,0,0,0,0,0,0,0,0,0,0,0,0,0,0,0,0,0,0,0,0,0,0,0,0,0,0,0,0,0,0,0,0,0,0,0,0,0,0,0,0,0,0,0,0,0,0,0,0,0,0,0,0,0,0,0,0,0,0,0,0,0,0,0,0,0,0,0,0,0,0,0,0,0,0,0,0,0,0,0,0,0,0,0,0,0,7,7,7,8,7,7,0,0,0,0,0,0,0,0,0,0,0,0,0,0,0,0,0,0,0,0,0,0,0,0,0,0,0,0,0,0,0,0,0,0,
0,0,0,0,0,0,0,0,0,0,0,0,0,0,0,0,0,0,0,0,0,0,0,0,0,4,4,0,0,0,0,0,0,0,0,0,0,0,0,0,0,0,0,6,6,6,6,6,6,0,0,0,0,0,0,0,0,0,0,0,0,0,0,0,0,0,0,0,0,0,0,0,0,0,0,0,0,0,0,0,0,0,0,0,0,0,0,0,0,0,0,0,0,0,0,0,0,0,0,0,0,0,0,0,0,0,0,0,0,0,0,0,0,0,0,0,0,0,0,0,0,0,0,0,0,0,0,0,
0,0,0,0,0,0,0,0,0,0,0,0,0,0,0,0,0,0,0,0,0,0,0,0,0,0,0,0,0,0,0,0,0,0,0,0,0,0,0,4,4,0,0,0,0,0,0,0,0,0,0,0,0,0,0,0,0,0,0,0,0,0,0,0,0,0,0,0,0,0,0,0,0,0,0,0,0,0,0,0,0,0,0,0,0,0,0,0,0,0,0,0,0,0,0,0,0,0,0,0,0,0,0,0,0,0,0,0,0,0,94,95,126,0,0,0,0,0,0,0,0,0,0,0,0,0,0,0,
0,0,0,0,0,0,0,0,0,0,0,0,0,0,0,0,0,0,7,7,7,8,7,7,0,0,0,0,0,0,0,0,0,0,0,0,0,0,0,0,0,0,0,0,0,0,0,0,0,0,0,0,0,0,0,0,0,0,0,0,0,0,0,0,0,0,0,0,0,0,0,0,0,0,0,0,0,0,0,0,0,0,0,0,0,0,0,0,0,0,0,0,0,0,0,0,0,0,0,0,0,0,0,0,0,0,0,0,0,0,110,111,110,0,0,0,0,0,0,0,0,0,0,0,0,0,0,0,
0,0,0,0,0,0,0,0,0,0,0,0,0,0,0,0,0,0,0,0,0,0,0,0,0,0,0,0,21,21,21,21,21,21,21,21,0,0,0,0,0,0,0,0,0,0,0,0,0,0,0,0,0,0,0,0,0,0,0,0,0,0,0,0,0,0,0,0,0,0,0,0,0,0,0,0,0,0,0,0,0,0,0,0,0,0,0,0,7,7,7,7,7,7,0,0,0,0,0,0,0,0,0,0,0,0,0,0,0,0,110,111,110,0,0,0,0,0,0,0,0,0,0,0,0,0,0,0,
0,0,0,0,0,0,0,0,0,0,0,0,0,0,0,0,0,0,0,0,0,0,0,0,0,0,0,0,0,0,0,0,0,0,0,0,0,0,0,0,0,0,0,0,0,0,0,0,0,0,0,0,0,0,0,0,0,0,0,0,0,0,0,0,0,0,0,0,0,0,0,0,0,0,0,0,0,0,0,0,0,0,0,0,0,0,0,0,0,0,0,0,0,0,0,0,0,0,0,0,0,0,0,0,6,6,6,6,0,0,110,111,110,0,0,0,0,0,0,0,0,0,0,0,0,0,0,0,
0,0,0,0,0,0,0,0,0,0,0,0,0,0,0,0,0,0,0,0,0,0,0,0,0,0,0,0,0,0,0,0,0,0,0,0,0,0,0,0,0,0,0,0,0,0,0,0,0,0,0,0,0,0,0,0,0,0,0,0,0,0,0,0,0,0,0,0,0,0,0,0,0,0,0,0,0,0,0,0,0,0,0,0,0,0,0,0,0,0,0,0,0,0,0,0,0,0,0,0,0,0,0,0,0,0,0,0,0,0,110,111,110,0,0,0,0,0,0,0,0,0,0,0,0,0,0,0,
0,0,0,104,0,0,0,0,0,0,0,0,0,0,0,0,0,0,0,0,0,0,0,0,0,0,0,104,0,0,0,0,0,0,0,0,0,0,0,0,0,0,0,0,0,0,0,0,0,0,0,0,0,0,0,0,0,104,0,0,0,0,0,0,0,0,0,0,0,0,0,0,0,0,0,0,0,104,0,0,0,0,0,0,0,0,0,0,0,0,0,0,0,0,0,0,0,104,0,0,0,0,0,0,0,0,0,0,0,0,110,111,110,0,0,0,0,0,0,0,104,0,0,0,0,0,0,0,
117,119,118,120,0,0,0,0,0,0,0,0,0,0,0,0,0,0,0,0,0,0,0,0,0,0,83,120,118,117,0,0,0,0,0,0,0,0,0,0,0,0,0,0,103,0,0,0,0,127,0,0,0,0,0,0,0,120,0,0,0,0,0,0,0,0,0,0,0,0,0,0,0,0,0,127,0,120,0,0,0,0,0,0,0,0,0,0,0,0,0,0,127,0,0,0,0,120,0,0,0,0,0,0,0,0,0,0,0,0,110,111,110,127,0,127,0,0,0,0,120,0,0,127,0,0,0,0,
18,17,20,18,17,20,18,17,20,18,17,20,18,17,20,18,17,20,18,17,20,18,17,20,18,17,20,18,17,20,18,17,20,18,17,20,18,17,20,18,17,20,18,17,20,18,17,20,18,17,20,18,17,20,18,17,20,18,17,20,18,17,20,18,17,20,18,17,20,18,17,20,18,17,20,18,17,20,18,17,20,18,17,20,18,17,20,18,17,20,18,17,20,18,17,20,18,17,20,18,17,20,18,17,20,18,17,20,18,17,20,18,17,20,18,17,20,18,17,20,18,17,20,18,17,20,18,17,
35,34,36,35,34,36,35,34,36,35,34,36,35,34,36,35,34,36,35,34,36,35,34,36,35,34,36,35,34,36,35,34,36,35,34,36,35,34,36,35,34,36,35,34,36,35,34,36,35,34,36,35,34,36,35,34,36,35,34,36,35,34,36,35,34,36,35,34,36,35,34,36,35,34,36,35,34,36,35,34,36,35,34,36,35,34,36,35,34,36,35,34,36,35,34,36,35,34,36,35,34,36,35,34,36,35,34,36,35,34,36,35,34,36,35,34,36,35,34,36,35,34,36,35,34,36,35,34,
35,34,36,35,34,36,35,34,36,35,34,36,35,34,36,35,34,36,35,34,36,35,34,36,35,34,36,35,34,36,35,34,36,35,34,36,35,34,36,35,34,36,35,34,36,35,34,36,35,34,36,35,34,36,35,34,36,35,34,36,35,34,36,35,34,36,35,34,36,35,34,36,35,34,36,35,34,36,35,34,36,35,34,36,35,34,36,35,34,36,35,34,36,35,34,36,35,34,36,35,34,36,35,34,36,35,34,36,35,34,36,35,34,36,35,34,36,35,34,36,35,34,36,35,34,36,35,34,
33,33,33,33,33,33,33,33,33,33,33,33,33,33,33,33,33,33,33,33,33,33,33,33,33,33,33,33,33,33,33,33,33,33,33,33,33,33,33,33,33,33,33,33,33,33,33,33,33,33,33,33,33,33,33,33,33,33,33,33,33,33,33,33,33,33,33,33,33,33,33,33,33,33,33,33,33,33,33,33,33,33,33,33,33,33,33,33,33,33,33,33,33,33,33,33,33,33,33,33,33,33,33,33,33,33,33,33,33,33,33,33,33,33,33,33,33,33,33,33,33,33,33,33,33,33,33,33,
35,34,36,35,34,36,35,34,36,35,34,36,35,34,36,35,34,36,35,34,36,35,34,36,35,34,36,35,34,36,35,34,36,35,34,36,35,34,36,35,34,36,35,34,36,35,34,36,35,34,36,35,34,36,35,34,36,35,34,36,35,34,36,35,34,36,35,34,36,35,34,36,35,34,36,35,34,36,35,34,36,35,34,36,35,34,36,35,34,36,35,34,36,35,34,36,35,34,36,35,34,36,35,34,36,35,34,36,35,34,36,35,34,36,35,34,36,35,34,36,35,34,36,35,34,36,35,34,
35,34,36,35,34,36,35,34,36,35,34,36,35,34,36,35,34,36,35,34,36,35,34,36,35,34,36,35,34,36,35,34,36,35,34,36,35,34,36,35,34,36,35,34,36,35,34,36,35,34,36,35,34,36,35,34,36,35,34,36,35,34,36,35,34,36,35,34,36,35,34,36,35,34,36,35,34,36,35,34,36,35,34,36,35,34,36,35,34,36,35,34,36,35,34,36,35,34,36,35,34,36,35,34,36,35,34,36,35,34,36,35,34,36,35,34,36,35,34,36,35,34,36,35,34,36,35,34,
35,34,36,35,34,36,35,34,36,35,34,36,35,34,36,35,34,36,35,34,36,35,34,36,35,34,36,35,34,36,35,34,36,35,34,36,35,34,36,35,34,36,35,34,36,35,34,36,35,34,36,35,34,36,35,34,36,35,34,36,35,34,36,35,34,36,35,34,36,35,34,36,35,34,36,35,34,36,35,34,36,35,34,36,35,34,36,35,34,36,35,34,36,35,34,36,35,34,36,35,34,36,35,34,36,35,34,36,35,34,36,35,34,36,35,34,36,35,34,36,35,34,36,35,34,36,35,34,
35,34,36,35,34,36,35,34,36,35,34,36,35,34,36,35,34,36,35,34,36,35,34,36,35,34,36,35,34,36,35,34,36,35,34,36,35,34,36,35,34,36,35,34,36,35,34,36,35,34,36,35,34,36,35,34,36,35,34,36,35,34,36,35,34,36,35,34,36,35,34,36,35,34,36,35,34,36,35,34,36,35,34,36,35,34,36,35,34,36,35,34,36,35,34,36,35,34,36,35,34,36,35,34,36,35,34,36,35,34,36,35,34,36,35,34,36,35,34,36,35,34,36,35,34,36,35,34,
35,34,36,35,34,36,35,34,36,35,34,36,35,34,36,35,34,36,35,34,36,35,34,36,35,34,36,35,34,36,35,34,36,35,34,36,35,34,36,35,34,36,35,34,36,35,34,36,35,34,36,35,34,36,35,34,36,35,34,36,35,34,36,35,34,36,35,34,36,35,34,36,35,34,36,35,34,36,35,34,36,35,34,36,35,34,36,35,34,36,35,34,36,35,34,36,35,34,36,35,34,36,35,34,36,35,34,36,35,34,36,35,34,36,35,34,36,35,34,36,35,34,36,35,34,36,35,34

[ObjectsLayer]
# Key
type=Key
location=25,22,1,1

[ObjectsLayer]
# Key
type=Key
location=35,23,1,1

[ObjectsLayer]
# Key
type=Key
location=22,16,1,1

[ObjectsLayer]
# Key
type=Key
location=92,13,1,1

[ObjectsLayer]
# Key
type=Key
location=125,23,1,1

[ObjectsLayer]
# Shooter
type=Shooter
location=5,22,1,1

