[header]
width=200
height=32
tilewidth=21
tileheight=21
orientation=orthogonal

[tilesets]
tileset=finalproject/NYUCodebase/spritesheet_rgba.png,21,21,0,0

[Object Layer 1]
# Player
type=Player
location=2,22,1,1

[Object Layer 1]
# Key
type=Key
location=7,22,1,1

[Object Layer 1]
# Diamond
type=Diamond
location=25,21,1,1

[Object Layer 1]
# Key
type=Key
location=22,15,1,1

[Object Layer 1]
# Saw
type=Saw
location=45,22,1,1

[Object Layer 1]
# Slug2
type=Slug2
location=33,22,1,1

[Object Layer 1]
# Diamond
type=Diamond
location=41,19,1,1

[Object Layer 1]
# Saw
type=Saw
location=68,28,1,1

[Object Layer 1]
# Diamond
type=Diamond
location=69,22,1,1

[Object Layer 1]
# Key
type=Key
location=67,28,1,1

[Object Layer 1]
# Diamond
type=Diamond
location=80,30,1,1

[Object Layer 1]
# Diamond
type=Diamond
location=91,30,1,1

[Object Layer 1]
# Key
type=Key
location=109,22,1,1

[Object Layer 1]
# Slug2
type=Slug2
location=95,27,1,1

[Object Layer 1]
# Slug2
type=Slug2
location=99,25,1,1

[Object Layer 1]
# Slug2
type=Slug2
location=103,23,1,1

[Object Layer 1]
# Snail
type=Snail
location=108,22,1,1

[Object Layer 1]
# Saw
type=Saw
location=115,24,1,1

[Object Layer 1]
# Key
type=Key
location=140,14,1,1

[Object Layer 1]
# Key
type=Key
location=150,20,1,1


[Object Layer 1]
# Snail
type=Snail
location=66,24,1,1

[Object Layer 1]
# Snail
type=Snail
location=129,21,1,1

[Object Layer 1]
# Snail
type=Snail
location=148,20,1,1

[Object Layer 1]
# Saw
type=Saw
location=156,18,1,1

[Object Layer 1]
# Saw
type=Saw
location=169,18,1,1

[Object Layer 1]
# Saw
type=Saw
location=177,18,1,1

[layer]
type=Tile Layer 2
data=
200,0,0,0,0,0,0,0,0,0,0,0,0,0,0,0,0,0,0,0,0,0,0,0,0,0,0,0,0,0,0,0,0,0,0,0,0,0,0,0,0,0,0,0,0,0,0,0,0,0,0,0,0,0,0,0,0,0,0,0,0,0,0,0,0,0,0,0,0,0,0,0,0,0,0,0,0,0,0,0,0,0,0,0,0,0,0,0,0,0,0,0,0,0,0,0,0,0,0,0,0,0,0,0,0,0,0,0,0,0,0,0,0,0,0,0,0,0,0,0,0,0,0,0,0,0,0,0,0,0,0,0,0,0,0,0,0,0,0,0,0,0,0,0,0,0,0,0,0,0,0,0,0,0,0,0,0,0,0,0,0,0,0,0,0,0,0,0,0,0,0,0,0,0,0,0,0,0,0,0,0,0,0,0,0,0,0,0,0,0,0,0,0,0,0,0,0,0,0,0,
200,0,0,0,0,0,0,0,0,0,0,0,0,0,0,0,0,0,0,0,0,0,0,0,0,0,0,0,0,0,0,0,0,0,0,0,0,0,0,0,0,0,0,0,0,0,0,0,0,0,0,0,0,0,0,0,0,0,0,0,0,0,0,0,0,0,0,0,0,0,0,0,0,0,0,0,0,0,0,0,0,0,0,0,0,0,0,0,0,0,0,0,0,0,0,0,0,0,0,0,0,0,0,0,0,0,0,0,0,0,0,0,0,0,0,0,0,0,0,0,0,0,0,0,0,0,0,0,0,0,0,0,0,0,0,0,0,0,0,0,0,0,0,0,0,0,0,0,0,0,0,0,0,0,0,0,0,0,0,0,0,0,0,0,0,0,0,0,0,0,0,0,0,0,0,0,0,0,0,0,0,0,0,0,0,0,0,0,0,0,0,0,0,0,0,0,0,0,0,0,
200,0,0,0,0,0,0,0,0,0,0,0,0,0,0,0,0,0,0,0,0,0,0,0,0,0,0,0,0,0,0,0,0,0,0,0,0,0,0,0,0,0,0,0,0,0,0,0,0,0,0,0,0,0,0,0,0,0,0,0,0,0,0,0,0,0,0,0,0,0,0,0,0,0,0,0,0,0,0,0,0,0,0,0,0,0,0,0,0,0,0,0,0,0,0,0,0,0,0,0,0,0,0,0,0,0,0,0,0,0,0,0,0,0,0,0,0,0,0,0,0,0,0,0,0,0,0,0,0,0,0,0,0,0,0,0,0,0,0,0,0,0,0,0,0,0,0,0,0,0,0,0,0,0,0,0,0,0,0,0,0,0,0,0,0,0,0,0,0,0,0,0,0,0,0,0,0,0,0,0,0,0,0,0,0,0,0,0,0,0,0,0,0,0,0,0,0,0,0,0,
200,799,0,0,0,0,0,0,0,0,0,0,0,0,0,0,0,0,0,0,0,0,0,0,0,0,0,0,0,0,0,0,0,0,0,0,0,0,0,0,0,0,0,0,0,0,0,0,0,0,0,0,0,0,0,0,0,0,0,0,0,0,0,0,0,0,0,0,0,0,0,0,0,0,0,0,0,0,0,0,0,0,0,0,0,0,0,0,0,0,0,0,0,0,0,0,0,0,0,0,0,0,0,0,0,0,0,0,0,0,0,0,0,0,0,0,0,0,0,0,0,0,0,0,0,0,0,0,0,0,0,0,0,0,0,0,0,0,0,0,0,0,0,0,0,0,0,0,0,0,0,0,0,0,0,0,0,0,0,0,0,0,0,0,0,0,0,0,0,0,0,0,0,0,0,0,0,0,0,0,0,0,0,0,0,0,0,0,0,0,0,0,0,0,0,0,0,0,0,0,
200,800,0,0,0,0,0,0,0,0,0,0,0,0,0,0,0,0,0,0,0,0,0,0,0,0,0,0,0,0,0,0,0,0,0,0,0,0,0,0,0,0,0,0,0,0,0,0,0,0,0,0,0,0,0,0,0,0,0,0,0,0,0,0,0,0,0,0,0,0,0,0,0,0,0,0,0,0,0,0,0,0,0,0,0,0,0,0,0,0,0,0,0,0,0,0,0,0,0,0,0,0,0,0,0,0,0,0,0,0,0,0,0,0,0,0,0,0,0,0,0,0,0,0,0,0,0,0,0,0,0,0,0,0,0,0,0,0,0,0,0,0,0,0,0,0,0,0,0,0,0,0,0,0,0,0,0,0,0,0,0,0,0,0,0,0,0,0,0,0,0,0,0,0,0,0,0,0,0,0,0,0,0,0,0,0,0,0,0,0,0,0,0,0,0,0,0,0,0,0,
200,799,0,0,0,0,0,0,0,0,0,0,0,0,0,0,0,0,0,0,0,0,0,0,0,0,0,0,0,0,0,0,0,0,0,0,0,0,0,0,0,0,0,0,0,0,0,0,0,0,0,0,0,0,0,0,0,0,0,0,0,0,0,0,0,0,0,0,0,0,0,0,0,0,0,0,0,0,0,0,0,0,0,0,0,0,0,0,0,0,0,0,0,0,0,0,0,0,0,0,0,0,0,0,0,0,0,0,0,0,0,0,0,0,0,0,0,0,0,0,0,0,0,0,0,0,0,0,0,0,0,0,0,0,0,0,0,0,0,0,0,0,0,0,0,0,0,0,0,0,0,0,0,0,0,0,0,0,0,0,0,0,0,0,0,0,0,0,0,0,0,0,0,0,0,0,0,0,0,0,0,0,0,0,0,0,0,0,0,0,0,0,0,0,0,0,0,0,0,0,
200,800,0,0,0,0,0,0,0,0,0,0,0,0,0,0,0,0,0,0,0,0,0,0,0,0,0,0,0,0,0,0,0,0,0,0,0,0,0,0,0,0,0,0,0,0,0,0,0,0,0,0,0,0,0,0,0,0,0,0,0,0,0,0,0,0,0,0,0,0,0,0,0,0,0,0,0,0,0,0,0,0,0,0,0,0,0,0,0,0,0,0,0,0,0,0,0,0,0,0,0,0,0,0,0,0,0,0,0,0,0,0,0,0,0,0,0,0,0,0,0,0,0,0,0,0,0,0,0,0,0,0,0,0,0,0,0,0,0,0,0,0,0,0,0,0,0,0,0,0,0,0,0,0,0,0,0,0,0,0,0,0,0,0,0,0,0,0,0,0,0,0,0,0,0,0,0,0,0,0,0,0,0,0,0,0,0,0,0,0,0,0,0,0,0,0,0,0,0,0,
200,799,0,0,0,0,0,0,0,0,0,0,0,0,0,0,0,0,0,0,0,0,0,0,0,0,0,0,0,0,0,0,0,0,0,0,0,0,0,0,0,0,0,0,0,0,0,0,0,0,0,0,0,0,0,0,0,0,0,0,0,0,0,0,0,0,0,0,0,0,0,0,0,0,0,0,0,0,0,0,0,0,0,0,0,0,0,0,0,0,0,0,0,0,0,0,0,0,0,0,0,0,0,0,0,0,0,0,0,0,0,0,0,0,0,0,0,0,0,0,0,0,0,0,0,0,0,0,0,0,0,0,0,0,0,0,0,0,0,0,0,0,0,0,0,0,0,0,0,0,0,0,0,0,0,0,0,0,0,0,0,0,0,0,0,0,0,0,0,0,0,0,0,0,0,0,0,0,0,0,0,0,0,0,0,0,0,0,0,0,0,0,0,0,0,0,0,0,0,0,
200,800,0,0,0,0,0,0,0,0,0,0,0,0,0,0,0,0,0,0,0,0,0,0,0,0,0,0,0,0,0,0,0,0,0,0,0,0,0,0,0,0,0,0,0,0,0,0,0,0,0,0,0,0,0,0,0,0,0,0,0,0,0,0,0,0,0,0,0,0,0,0,0,0,0,0,0,0,0,0,0,0,0,0,0,0,0,0,0,0,0,0,0,0,0,0,0,0,0,0,0,0,0,0,0,0,0,0,0,0,0,0,0,0,0,0,0,0,0,0,0,0,0,0,0,0,0,0,0,0,0,0,0,0,0,0,0,0,0,0,0,0,0,0,0,0,0,0,0,0,0,0,0,0,0,0,0,0,0,0,0,0,0,0,0,0,0,0,0,0,0,0,0,0,0,0,0,0,0,0,0,0,0,0,0,0,0,0,0,0,0,0,0,0,0,0,0,0,0,0,
200,799,0,0,0,0,0,0,0,0,0,0,0,0,0,0,0,0,0,0,0,0,0,0,0,0,0,0,0,0,0,0,0,0,0,0,0,0,0,0,0,0,0,0,0,0,0,0,0,0,0,0,0,0,0,0,0,0,0,0,0,0,0,0,0,0,0,0,0,0,0,0,0,0,0,0,0,0,0,0,0,0,0,0,0,0,0,0,0,0,0,0,0,0,0,0,0,0,0,0,0,0,0,0,0,0,0,0,0,0,0,0,0,0,0,0,0,0,0,0,0,0,0,0,0,0,0,0,0,0,0,0,0,0,0,0,0,0,0,0,0,0,0,0,0,0,0,0,0,0,0,0,0,0,0,0,0,0,0,0,0,0,0,0,0,0,0,0,0,0,0,0,0,0,0,0,0,0,0,0,0,0,0,0,0,0,0,0,0,0,0,0,0,0,0,0,0,0,0,0,
200,800,0,0,0,0,0,0,0,0,0,0,0,0,0,0,0,0,0,0,0,0,0,0,0,0,0,0,0,0,0,0,0,0,0,0,0,0,0,0,0,0,0,0,0,0,0,0,0,0,0,0,0,0,0,0,0,0,0,0,0,0,0,0,0,0,0,0,0,0,0,0,0,0,0,0,0,0,0,0,0,0,0,0,0,0,0,0,0,0,0,0,0,0,0,0,0,0,0,0,0,0,0,0,0,0,0,0,0,0,0,0,0,0,0,0,0,0,0,0,0,0,0,0,0,0,0,0,0,0,0,0,0,0,0,0,0,0,0,0,0,0,0,0,0,0,0,0,0,0,0,0,0,0,0,0,0,0,0,0,0,0,0,0,0,0,0,0,0,0,0,0,0,0,0,0,0,0,0,0,0,0,0,0,0,0,0,0,0,0,0,0,0,0,0,0,0,0,0,0,
200,799,0,0,0,0,0,0,0,0,0,0,0,0,0,0,0,0,0,0,0,0,0,0,0,0,0,0,0,0,0,0,0,0,0,0,0,0,0,0,0,0,0,0,0,0,0,0,0,0,0,0,0,0,0,0,0,0,0,0,0,0,0,0,0,0,0,0,0,0,0,0,0,0,0,0,0,0,0,0,0,0,0,0,0,0,0,0,0,0,0,0,0,0,0,0,0,0,0,0,0,0,0,0,0,0,0,0,0,0,0,0,0,0,0,0,0,0,0,0,0,0,0,0,0,0,0,0,0,0,0,0,0,0,0,0,0,0,0,0,0,0,0,0,0,0,0,0,0,0,0,0,0,0,0,0,0,0,0,0,0,0,0,0,0,0,0,0,0,0,0,0,0,0,0,0,0,0,0,0,0,0,0,0,0,0,0,0,0,0,0,0,0,0,0,0,0,0,0,0,
200,800,0,0,0,715,0,0,744,745,0,0,0,715,0,0,0,0,744,745,0,0,0,0,715,0,0,0,0,0,744,745,0,0,0,0,0,715,0,0,0,0,0,744,745,0,0,0,0,715,0,0,0,744,745,0,0,715,0,0,0,744,745,0,0,0,715,0,0,0,0,744,745,0,0,0,0,0,715,0,0,744,745,0,0,0,715,0,0,744,745,0,0,0,715,0,0,0,744,745,0,0,715,0,0,0,0,0,744,745,0,0,0,0,715,0,0,0,744,745,0,0,715,0,0,0,0,744,745,0,0,0,715,0,0,744,745,0,0,0,0,0,744,745,0,0,715,0,0,0,0,0,0,744,745,0,0,0,0,0,0,715,0,0,0,0,0,715,0,0,0,744,745,0,0,0,0,715,0,0,0,744,745,0,0,0,715,0,0,744,745,0,0,715,0,0,744,745,0,715,
200,799,0,0,0,0,0,0,774,775,0,0,0,0,0,0,0,0,774,775,0,0,0,0,0,0,0,0,0,0,774,775,0,0,0,0,0,0,0,0,0,0,0,774,775,0,0,0,0,0,0,0,0,774,775,0,0,0,0,0,0,774,775,0,0,0,0,0,0,0,0,774,775,0,0,0,0,0,0,0,0,774,775,0,0,0,0,0,0,774,775,0,0,0,0,0,0,0,774,775,0,0,0,0,0,0,0,0,774,775,0,0,0,0,0,0,0,0,774,775,0,0,0,0,0,0,0,774,775,0,0,0,0,0,0,774,775,0,0,0,0,0,774,775,0,0,0,0,0,0,0,0,0,774,775,0,0,0,0,0,0,0,0,0,0,0,0,0,0,0,0,774,775,0,0,0,0,0,0,0,0,774,775,0,0,0,0,0,0,774,775,0,0,0,0,0,774,775,0,0,
200,800,0,0,0,716,0,0,0,0,0,0,0,716,0,0,0,0,0,0,0,0,0,0,716,0,0,0,0,0,0,0,0,0,0,0,0,716,0,0,0,0,0,0,0,0,0,0,0,716,0,0,0,0,0,0,0,716,0,0,0,0,0,0,0,0,716,0,0,0,0,0,0,0,0,0,0,0,716,0,0,0,0,0,0,0,716,0,0,0,0,0,0,0,716,0,0,0,0,0,0,0,716,0,0,0,0,0,0,0,0,0,0,0,716,0,0,0,0,0,0,0,716,0,0,0,0,0,0,0,0,0,716,0,0,0,0,0,0,0,0,0,0,0,0,0,716,0,0,0,0,0,0,0,0,0,0,0,0,0,0,716,0,0,0,0,0,716,0,0,0,0,0,0,0,0,0,716,0,0,0,0,0,0,0,0,716,0,0,0,0,0,0,716,0,0,0,0,0,716,
200,799,0,0,0,0,0,0,0,0,0,0,0,0,0,0,0,0,0,0,0,0,0,0,0,0,0,0,0,0,0,0,0,0,0,0,0,0,0,0,0,0,0,0,0,0,0,0,0,0,0,0,0,0,0,0,0,0,0,0,0,0,0,0,0,0,0,0,0,0,0,0,0,0,0,0,0,0,0,0,0,0,0,0,0,0,0,0,0,0,0,0,0,0,0,0,0,0,0,0,0,0,0,0,0,0,0,0,0,0,0,0,0,0,0,0,0,0,0,0,0,0,0,0,0,0,0,0,0,0,0,0,0,0,0,0,0,0,0,0,736,0,0,0,0,0,0,0,0,0,0,0,0,0,0,0,0,0,0,0,0,0,0,0,0,0,0,0,0,0,0,0,0,0,0,0,0,0,0,0,0,0,0,0,0,0,0,0,0,0,0,0,0,0,0,195,0,0,0,200,
200,800,0,0,0,0,0,0,0,0,0,0,0,0,0,0,0,0,0,0,0,0,736,0,0,0,0,0,0,0,0,0,0,0,0,0,0,0,0,0,0,0,0,0,0,0,0,0,0,0,0,0,0,0,0,0,0,0,0,0,0,0,0,0,0,0,0,0,0,0,0,0,0,0,0,0,0,0,0,0,0,0,0,0,0,0,0,0,0,0,0,0,0,0,0,0,0,0,0,0,0,0,0,0,0,0,0,0,0,0,0,0,0,0,0,0,0,0,0,0,0,0,0,0,0,0,0,0,0,0,0,0,0,0,0,0,0,0,0,0,738,0,0,0,0,0,0,0,0,0,0,0,0,0,0,0,0,0,0,0,0,0,0,0,0,0,0,0,0,0,0,0,0,0,0,0,0,0,0,0,0,0,0,0,0,0,0,0,0,0,0,0,0,0,0,195,0,0,0,200,
200,799,0,0,0,0,0,0,0,0,0,0,0,0,0,0,0,201,0,201,736,0,0,0,0,0,0,0,0,0,0,0,0,0,0,0,0,0,0,0,0,0,0,0,0,0,0,0,0,0,0,0,0,0,0,0,0,0,0,0,0,0,0,0,0,0,0,0,0,0,0,0,0,0,0,0,0,0,0,0,0,0,0,0,0,0,0,0,0,0,0,0,0,0,0,0,0,0,0,0,0,0,0,0,0,0,0,0,0,0,0,0,0,0,0,0,0,0,0,0,0,0,0,0,0,0,0,0,0,0,0,0,0,0,0,0,0,0,736,0,738,0,736,0,0,0,0,0,0,0,0,0,0,0,0,0,0,0,0,0,0,0,0,0,0,0,0,0,0,0,0,0,0,0,0,0,0,0,0,0,0,0,0,0,0,0,0,0,0,0,0,0,0,0,0,195,0,0,0,200,
200,800,0,0,0,318,0,0,0,0,0,0,0,318,0,0,0,0,736,0,0,0,0,0,318,0,0,0,0,0,0,0,0,0,0,0,0,318,0,0,0,0,0,0,0,0,0,0,0,318,0,0,0,0,0,0,0,318,0,0,0,0,0,0,0,0,318,0,0,0,0,0,0,0,0,0,0,0,318,0,0,0,0,0,0,0,318,0,0,0,0,0,0,0,318,0,0,0,0,0,0,0,318,0,0,0,0,0,0,0,0,0,0,0,318,0,0,0,0,0,0,0,318,0,0,0,0,0,0,0,0,0,318,0,0,0,0,0,738,0,738,0,738,0,0,0,318,0,0,0,0,0,0,0,201,0,0,0,0,0,201,201,0,201,201,0,201,201,0,0,0,0,201,201,0,0,0,0,0,0,0,201,0,0,0,0,0,0,0,0,0,0,0,0,0,195,0,0,0,200,
200,799,0,0,0,0,0,0,0,0,0,0,0,0,0,0,736,0,0,0,0,0,0,0,0,0,0,0,0,0,0,0,0,0,0,0,0,0,0,0,0,0,0,0,0,0,0,0,0,0,0,0,0,0,0,0,0,0,0,0,0,0,0,0,0,0,0,0,0,0,0,0,0,0,0,0,0,0,0,0,0,0,0,0,0,0,0,0,0,0,0,0,0,0,0,0,0,0,0,0,0,0,0,0,0,0,0,0,0,0,0,0,0,0,0,0,0,0,0,0,0,0,0,0,0,0,0,0,0,0,0,0,0,0,0,0,736,0,738,0,738,0,738,0,736,0,0,0,0,0,0,0,0,0,0,736,736,736,736,736,0,0,736,0,0,736,0,0,736,736,736,736,0,0,736,736,736,736,736,736,736,0,0,0,0,0,0,0,0,0,0,0,0,0,0,195,0,0,0,200,
200,800,0,0,0,0,0,0,0,0,0,0,0,0,736,0,0,0,0,0,0,0,0,0,0,0,0,0,0,0,0,0,0,0,0,0,0,0,0,0,736,736,736,736,0,0,0,0,0,0,0,0,0,0,0,0,0,0,0,0,0,0,0,0,0,0,0,0,0,0,0,0,0,0,0,0,0,0,0,0,0,0,0,0,0,0,0,0,0,0,0,0,0,0,0,0,0,0,0,0,0,0,0,0,0,0,0,0,0,0,0,0,0,0,0,0,0,0,0,0,0,0,0,0,0,201,0,0,0,0,0,0,0,0,201,0,738,0,738,0,738,0,738,0,738,0,201,0,0,0,0,0,0,0,201,0,0,0,0,0,0,0,0,0,0,0,0,0,0,0,0,0,0,0,0,0,0,0,0,0,0,0,0,0,0,0,0,0,0,0,0,0,0,0,0,195,0,0,137,200,
200,799,0,0,0,0,0,0,0,0,0,0,736,0,0,0,0,0,0,0,0,0,0,0,0,0,0,0,0,0,0,0,0,0,0,0,201,0,0,0,0,0,0,0,0,0,0,0,0,0,201,0,0,0,0,0,0,0,0,0,0,0,0,0,0,0,0,0,0,0,0,0,0,0,0,0,0,0,0,0,0,0,0,0,0,0,0,0,0,0,0,0,0,0,0,0,0,0,0,0,0,0,0,0,0,0,201,0,0,0,0,201,0,0,736,0,0,0,0,0,0,0,0,0,0,0,736,736,736,736,736,736,736,736,0,0,738,0,738,0,738,0,738,0,738,0,0,736,736,736,736,737,737,737,0,0,0,0,0,0,0,0,0,0,0,0,0,0,0,0,0,0,0,0,0,0,0,0,0,0,0,0,0,0,0,0,0,0,0,0,0,0,0,0,0,195,0,0,138,200,
183,183,183,183,183,183,183,183,183,183,0,0,0,0,0,0,0,0,0,0,0,0,0,0,0,736,0,0,736,0,0,182,182,182,182,0,0,185,185,185,185,185,185,185,185,185,185,185,185,185,0,0,0,0,0,0,0,0,0,0,0,0,0,0,0,0,0,0,737,737,737,737,0,0,0,0,0,0,0,0,0,0,0,0,0,0,0,0,0,0,0,0,0,0,0,0,0,0,0,0,0,0,0,0,0,0,0,825,825,825,825,0,0,0,735,0,0,0,0,0,0,0,0,0,0,0,738,738,738,738,738,738,738,738,0,0,738,0,738,0,738,0,738,0,738,0,0,738,738,738,738,737,737,737,0,0,0,0,0,0,0,0,0,0,0,0,0,0,0,0,0,0,0,0,0,0,0,0,0,0,0,0,0,0,0,0,0,0,0,0,0,0,0,0,0,195,0,0,138,200,
213,213,213,213,213,213,213,213,213,213,0,0,0,0,0,0,0,0,0,0,0,0,0,0,0,0,0,0,0,0,0,213,213,213,213,0,0,215,215,215,215,215,215,215,215,215,215,215,215,215,0,0,0,0,0,0,0,0,0,0,0,0,0,0,201,0,0,0,201,0,0,0,0,0,0,0,0,0,0,0,0,0,0,0,0,0,0,0,0,0,0,0,0,0,0,0,0,0,0,0,0,0,0,0,0,825,0,74,0,0,74,0,0,0,735,0,0,0,0,0,0,828,828,828,828,828,738,738,738,738,738,738,738,738,0,0,738,0,738,0,738,0,738,0,738,0,0,738,738,738,738,737,737,737,0,0,0,0,0,0,0,0,0,0,0,0,0,0,0,0,0,0,0,0,0,0,0,0,0,0,0,0,0,0,254,0,0,0,0,0,0,0,0,0,0,195,0,0,138,200,
213,213,213,213,213,213,213,213,213,213,14,14,14,14,14,14,14,14,14,14,14,14,14,14,14,14,14,14,14,14,14,213,213,213,213,14,14,215,215,215,215,215,215,215,215,215,215,215,215,215,0,0,736,0,0,0,0,0,0,0,0,0,0,0,0,737,737,737,0,0,0,0,0,0,0,0,0,0,0,0,0,0,0,0,0,0,0,0,0,0,0,0,0,0,0,0,0,0,0,0,0,0,0,825,0,74,0,74,0,0,74,0,0,0,735,801,802,803,801,802,803,801,802,801,802,803,738,738,738,738,738,738,738,738,0,0,738,0,738,0,738,0,738,0,738,0,0,738,738,738,738,737,737,737,0,0,0,0,0,0,0,0,0,0,0,0,0,0,0,0,0,0,0,0,0,0,0,0,0,0,0,0,0,183,183,183,183,183,183,183,183,183,183,183,183,183,183,183,183,183,
213,213,213,213,213,213,213,213,213,213,43,43,43,43,43,43,43,43,43,43,43,43,43,43,43,43,43,43,43,43,43,213,213,213,213,43,43,215,215,215,215,215,213,215,215,215,215,215,215,215,0,0,0,0,0,0,0,0,0,0,0,0,0,0,0,0,0,0,0,0,0,0,0,0,0,0,0,0,0,0,0,0,0,0,0,0,0,0,0,0,0,0,0,0,0,0,0,0,0,0,0,825,0,74,0,74,0,74,0,0,74,0,0,0,735,0,0,0,0,0,0,0,0,0,0,0,738,738,738,738,738,738,738,738,0,0,738,0,738,0,738,0,738,0,738,0,0,738,738,738,738,737,737,737,13,13,13,13,13,13,13,13,13,13,13,13,13,13,13,13,13,13,13,13,13,13,13,13,13,13,13,13,13,215,215,215,215,215,215,215,215,215,215,215,215,215,215,215,215,215,
213,213,213,213,213,213,213,213,213,213,43,43,43,43,43,43,43,43,43,43,43,43,43,43,43,43,43,43,43,43,43,213,213,213,213,43,43,215,215,215,215,215,215,215,215,215,215,215,215,215,0,0,0,0,736,0,0,0,0,0,0,0,0,737,737,0,0,0,0,0,0,0,0,0,0,0,0,0,0,0,0,0,0,0,0,0,0,0,0,0,0,0,0,0,0,0,0,0,0,825,0,74,0,74,0,74,0,74,0,0,74,0,0,0,735,0,0,0,0,0,0,0,0,0,0,0,738,738,738,738,738,738,738,738,0,0,738,0,738,0,738,0,738,0,738,0,0,738,738,738,738,737,737,737,43,43,43,43,43,43,43,43,43,43,43,43,43,43,43,43,43,43,43,43,43,43,43,43,43,43,43,43,43,215,215,215,215,215,215,215,215,215,215,215,215,215,215,215,215,215,
213,213,213,213,213,213,213,213,213,213,43,43,43,43,43,43,43,43,43,43,43,43,43,43,43,43,43,43,43,43,43,213,213,213,213,43,43,215,215,215,215,215,215,215,215,215,215,215,215,215,0,0,0,0,0,0,0,0,0,0,0,0,0,0,0,0,201,0,0,0,0,0,0,0,0,0,0,0,201,0,0,0,0,0,0,0,0,0,0,0,0,0,0,0,0,0,0,825,0,74,0,74,0,74,0,74,0,74,0,0,74,863,864,865,735,0,0,0,0,0,0,0,0,0,0,0,738,738,738,738,738,738,738,738,0,0,738,0,738,0,738,0,738,0,738,0,0,738,738,738,737,737,737,737,43,43,43,43,43,43,43,43,43,43,43,43,43,43,43,43,43,43,43,43,43,43,43,43,43,43,43,43,43,215,215,215,215,215,215,215,215,215,215,215,215,215,215,215,215,215,
213,213,213,213,213,213,213,213,213,213,43,43,43,43,43,43,43,43,43,43,43,43,43,43,43,43,43,43,43,43,43,213,213,213,213,43,43,215,215,215,215,215,215,215,215,215,215,215,215,215,0,0,0,0,0,0,736,0,736,736,736,736,736,0,0,0,0,183,183,183,183,183,183,183,183,183,183,183,0,0,0,0,0,0,0,0,0,0,0,0,0,0,0,0,0,825,0,74,0,74,0,74,0,74,0,74,0,74,0,0,74,863,864,865,735,13,13,13,13,13,13,13,13,13,13,14,738,738,738,738,738,738,738,738,0,0,738,0,738,0,738,0,738,0,738,0,0,738,738,738,737,737,737,737,43,43,43,43,43,43,43,43,43,43,43,43,43,43,43,43,43,43,43,43,43,43,43,43,43,43,43,43,43,215,215,215,215,215,215,215,215,215,215,215,215,215,215,215,215,215,
213,213,213,213,213,213,213,213,213,213,43,43,43,43,43,43,43,43,43,43,43,43,43,43,43,43,43,43,43,43,43,213,213,213,213,43,43,215,215,215,215,215,215,215,215,215,215,215,215,215,14,14,14,14,14,14,14,14,14,14,14,14,14,14,14,14,14,215,215,215,215,215,215,215,215,215,215,215,0,737,0,0,0,0,737,0,0,0,0,0,0,0,0,825,0,74,0,74,0,74,0,74,0,74,0,74,0,74,0,0,74,863,864,865,735,43,43,43,43,43,43,43,43,43,43,43,738,738,738,738,738,738,738,738,0,0,738,0,738,0,738,0,738,0,738,0,0,738,738,738,737,737,737,737,43,43,43,43,43,43,43,43,43,43,43,43,43,43,43,43,43,43,43,43,43,43,43,43,43,43,43,43,43,215,215,215,215,215,215,215,215,215,215,215,215,215,215,215,215,215,
213,213,213,213,213,213,213,213,213,213,43,43,43,43,43,43,43,43,43,43,43,43,43,43,43,43,43,43,43,43,43,213,213,213,213,43,43,215,215,215,215,215,215,215,215,215,215,215,215,215,43,43,43,43,43,43,43,43,43,43,43,43,43,43,43,43,43,215,215,215,215,215,215,215,215,215,215,215,0,0,0,0,0,0,0,0,0,0,0,0,0,0,0,74,0,74,0,74,0,74,0,74,0,74,0,74,0,74,0,0,74,863,864,865,735,43,43,43,43,43,43,43,43,43,43,43,738,738,738,738,738,738,738,738,0,0,738,0,738,0,738,0,738,0,738,0,0,738,738,738,737,737,737,737,43,43,43,43,43,43,43,43,43,43,43,43,43,43,43,43,43,43,43,43,43,43,43,43,43,43,43,43,43,215,215,215,215,215,215,215,215,215,215,215,215,215,215,215,215,215,
213,213,213,213,213,213,213,213,213,213,43,43,43,43,43,43,43,43,43,43,43,43,43,43,43,43,43,43,43,43,43,213,213,213,213,43,43,215,215,215,215,215,215,215,215,215,215,215,215,215,43,43,43,43,43,43,43,43,43,43,43,43,43,43,43,43,43,215,215,215,215,215,215,215,215,215,215,215,14,14,737,14,737,14,14,14,737,14,737,14,14,737,0,74,0,74,0,74,0,74,0,74,0,74,0,74,0,74,0,0,74,892,892,892,735,43,43,43,43,43,43,43,43,43,43,43,738,738,738,738,738,738,738,738,747,747,738,747,738,747,738,747,738,747,738,747,747,738,738,738,737,737,737,737,43,43,43,43,43,43,43,43,43,43,43,43,43,43,43,43,43,43,43,43,43,43,43,43,43,43,43,43,43,215,215,215,215,215,215,215,215,215,215,215,215,215,215,215,215,215
