[header]
width=200
height=32
tilewidth=21
tileheight=21
orientation=orthogonal

[tilesets]
tileset=spritesheet.png,21,21,0,0

[layer]
type=Tile Layer 1
data=
231,231,231,231,231,231,231,231,231,231,231,231,231,231,231,231,231,231,231,231,231,231,231,231,231,231,231,231,231,231,231,231,231,231,231,231,231,231,231,231,231,231,231,231,231,231,231,231,231,231,231,231,231,231,231,231,231,231,231,231,231,231,231,231,231,231,231,231,231,231,231,231,231,231,231,231,231,231,231,231,231,231,231,231,231,231,231,231,231,231,231,231,231,231,231,231,231,231,231,231,231,231,231,231,231,231,231,231,231,231,231,231,231,231,231,231,231,231,231,231,231,231,231,231,231,231,231,231,231,231,231,231,231,231,231,231,231,231,231,231,231,231,231,231,231,231,231,231,231,231,231,231,231,231,231,231,231,231,231,231,231,231,231,231,231,231,231,231,231,231,231,231,231,231,231,231,231,231,231,231,231,231,231,231,231,231,231,231,231,231,231,231,231,231,231,231,231,231,231,231,
231,231,231,231,231,231,231,231,231,231,231,231,231,231,231,231,231,231,231,231,231,231,231,231,231,231,231,231,231,231,231,231,231,231,231,231,231,231,231,231,231,231,231,231,231,231,231,231,231,231,231,231,231,231,231,231,231,231,231,231,231,231,231,231,231,231,231,231,231,231,231,231,231,231,231,231,231,231,231,231,231,231,231,231,231,231,231,231,231,231,231,231,231,231,231,231,231,231,231,231,231,231,231,231,231,231,231,231,231,231,231,231,231,231,231,231,231,231,231,231,231,231,231,231,231,231,231,231,231,231,231,231,231,231,231,231,231,231,231,231,231,231,231,231,231,231,231,231,231,231,231,231,231,231,231,231,231,231,231,231,231,231,231,231,231,231,231,231,231,231,231,231,231,231,231,231,231,231,231,231,231,231,231,231,231,231,231,231,231,231,231,231,231,231,231,231,231,231,231,231,
231,231,231,231,231,231,231,231,231,231,231,231,231,231,231,231,231,231,231,231,231,231,231,231,231,231,231,231,231,231,231,231,231,231,231,231,231,231,231,231,231,231,231,231,231,231,231,231,231,231,231,231,231,231,231,231,231,231,231,231,231,231,231,231,231,231,231,231,231,231,231,231,231,231,231,231,231,231,231,231,231,231,231,231,231,231,231,231,231,231,231,231,231,231,231,231,231,231,231,231,231,231,231,231,231,231,231,231,231,231,231,231,231,231,231,231,231,231,231,231,231,231,231,231,231,231,231,231,231,231,231,231,231,231,231,231,231,231,231,231,231,231,231,231,231,231,231,231,231,231,231,231,231,231,231,231,231,231,231,231,231,231,231,231,231,231,231,231,231,231,231,231,231,231,231,231,231,231,231,231,231,231,231,231,231,231,231,231,231,231,231,231,231,231,231,231,231,231,231,231,
231,231,231,231,231,231,231,231,231,231,231,231,231,231,231,231,231,231,231,231,231,231,231,231,231,231,231,231,231,231,231,231,231,231,231,231,231,231,231,231,231,231,231,231,231,231,231,231,231,231,231,231,231,231,231,231,231,231,231,231,231,231,231,231,231,231,231,231,231,231,231,231,231,231,231,231,231,231,231,231,231,231,231,231,231,231,231,231,231,231,231,231,231,231,231,231,231,231,231,231,231,231,231,231,231,231,231,231,231,231,231,231,231,231,231,231,231,231,231,231,231,231,231,231,231,231,231,231,231,231,231,231,231,231,231,231,231,231,231,231,231,231,231,231,231,231,231,231,231,231,231,231,231,231,231,231,231,231,231,231,231,231,231,231,231,231,231,231,231,231,231,231,231,231,231,231,231,231,231,231,231,231,231,231,231,231,231,231,231,231,231,231,231,231,231,231,231,231,231,231,
231,231,231,231,231,231,231,231,231,231,231,231,231,231,231,231,231,231,231,231,231,231,231,231,231,231,231,231,231,231,231,231,231,231,231,231,231,231,231,231,231,231,231,231,231,231,231,231,231,231,231,231,231,231,231,231,231,231,231,231,231,231,231,231,231,231,231,231,231,231,231,231,231,231,231,231,231,231,231,231,231,231,231,231,231,231,231,231,231,231,231,231,231,231,231,231,231,231,231,231,231,231,231,231,231,231,231,231,231,231,231,231,231,231,231,231,231,231,231,231,231,231,231,231,231,231,231,231,231,231,231,231,231,231,231,231,231,231,231,231,231,231,231,231,231,231,231,231,231,231,231,231,231,231,231,231,231,231,231,231,231,231,231,231,231,231,231,231,231,231,231,231,231,231,231,231,231,231,231,231,231,231,231,231,231,231,231,231,231,231,231,231,231,231,231,231,231,231,231,231,
231,231,231,231,231,231,231,231,231,231,231,231,231,231,231,231,231,231,231,231,231,231,231,231,231,231,231,231,231,231,231,231,231,231,231,231,231,231,231,231,231,231,231,231,231,231,231,231,231,231,231,231,231,231,231,231,231,231,231,231,231,231,231,231,231,231,231,231,231,231,231,231,231,231,231,231,231,231,231,231,231,231,231,231,231,231,231,231,231,231,231,231,231,231,231,231,231,231,231,231,231,231,231,231,231,231,231,231,231,231,231,231,231,231,231,231,231,231,231,231,231,231,231,231,231,231,231,231,231,231,231,231,231,231,231,231,231,231,231,231,231,231,231,231,231,231,231,231,231,231,231,231,231,231,231,231,231,231,231,231,231,231,231,231,231,231,231,231,231,231,231,231,231,231,231,231,231,231,231,231,231,231,231,231,231,231,231,231,231,231,231,231,231,231,231,231,231,231,231,231,
231,231,231,231,231,231,231,231,231,231,231,231,231,231,231,231,231,231,231,231,231,231,231,231,231,231,231,231,231,231,231,231,231,231,231,231,231,231,231,231,231,231,231,231,231,231,231,231,231,231,231,231,231,231,231,231,231,231,231,231,231,231,231,231,231,231,231,231,231,231,231,231,231,231,231,231,231,231,231,231,231,231,231,231,231,231,231,231,231,231,231,231,231,231,231,231,231,231,231,231,231,231,231,231,231,231,231,231,231,231,231,231,231,231,231,231,231,231,231,231,231,231,231,231,231,231,231,231,231,231,231,231,231,231,231,231,231,231,231,231,231,231,231,231,231,231,231,231,231,231,231,231,231,231,231,231,231,231,231,231,231,231,231,231,231,231,231,231,231,231,231,231,231,231,231,231,231,231,231,231,231,231,231,231,231,231,231,231,231,231,231,231,231,231,231,231,231,231,231,231,
231,231,231,231,231,231,231,231,231,231,231,231,231,231,231,231,231,231,231,231,231,231,231,231,231,231,231,231,231,231,231,231,231,231,231,231,231,231,231,231,231,231,231,231,231,231,231,231,231,231,231,231,231,231,231,231,231,231,231,231,231,231,231,231,231,231,231,231,231,231,231,231,231,231,231,231,231,231,231,231,231,231,231,231,231,231,231,231,231,231,231,231,231,231,231,231,231,231,231,231,231,231,231,231,231,231,231,231,231,231,231,231,231,231,231,231,231,231,231,231,231,231,231,231,231,231,231,231,231,231,231,231,231,231,231,231,231,231,231,231,231,231,231,231,231,231,231,231,231,231,231,231,231,231,231,231,231,231,231,231,231,231,231,231,231,231,231,231,231,231,231,231,231,231,231,231,231,231,231,231,231,231,231,231,231,231,231,231,231,231,231,231,231,231,231,231,231,231,231,231,
231,231,231,231,231,231,231,231,231,231,231,231,231,231,231,231,231,231,231,231,231,231,231,231,231,231,231,231,231,231,231,231,231,231,231,231,231,231,231,231,231,231,231,231,231,231,231,231,231,231,231,231,231,231,231,231,231,231,231,231,231,231,231,231,231,231,231,231,231,231,231,231,231,231,231,231,231,231,231,231,231,231,231,231,231,231,231,231,231,231,231,231,231,231,231,231,231,231,231,231,231,231,231,231,231,231,231,231,231,231,231,231,231,231,231,231,231,231,231,231,231,231,231,231,231,231,231,231,231,231,231,231,231,231,231,231,231,231,231,231,231,231,231,231,231,231,231,231,231,231,231,231,231,231,231,231,231,231,231,231,231,231,231,231,231,231,231,231,231,231,231,231,231,231,231,231,231,231,231,231,231,231,231,231,231,231,231,231,231,231,231,231,231,231,231,231,231,231,231,231,
231,231,231,231,231,231,231,231,231,231,231,231,231,231,231,231,231,231,231,231,231,231,231,231,231,231,231,231,231,231,231,231,231,231,231,231,231,231,231,231,231,231,231,231,231,231,231,231,231,231,231,231,231,231,231,231,231,231,231,231,231,231,231,231,231,231,231,231,231,231,231,231,231,231,231,231,231,231,231,231,231,231,231,231,231,231,231,231,231,231,231,231,231,231,231,231,231,231,231,231,231,231,231,231,231,231,231,231,231,231,231,231,231,231,231,231,231,231,231,231,231,231,231,231,231,231,231,231,231,231,231,231,231,231,231,231,231,231,231,231,231,231,231,231,231,231,231,231,231,231,231,231,231,231,231,231,231,231,231,231,231,231,231,231,231,231,231,231,231,231,231,231,231,231,231,231,231,231,231,231,231,231,231,231,231,231,231,231,231,231,231,231,231,231,231,231,231,231,231,231,
231,231,231,231,231,231,231,231,231,231,231,231,231,231,231,231,231,231,231,231,231,231,231,231,231,231,231,231,231,231,231,231,231,231,231,231,231,231,231,231,231,231,231,231,231,231,231,231,231,231,231,231,231,231,231,231,231,231,231,231,231,231,231,231,231,231,231,231,231,231,231,231,231,231,231,231,231,231,231,231,231,231,231,231,231,231,231,231,231,231,231,231,231,231,231,231,231,231,231,231,231,231,231,231,231,231,231,231,231,231,231,231,231,231,231,231,231,231,231,231,231,231,231,231,231,231,231,231,231,231,231,231,231,231,231,231,231,231,231,231,231,231,231,231,231,231,231,231,231,231,231,231,231,231,231,231,231,231,231,231,231,231,231,231,231,231,231,231,231,231,231,231,231,231,231,231,231,231,231,231,231,231,231,231,231,231,231,231,231,231,231,231,231,231,231,231,231,231,231,231,
231,231,231,231,231,231,231,231,231,231,231,231,231,231,231,231,231,231,231,231,231,231,231,231,231,231,231,231,231,231,231,231,231,231,231,231,231,231,231,231,231,231,231,231,231,231,231,231,231,231,231,231,231,231,231,231,231,231,231,231,231,231,231,231,231,231,231,231,231,231,231,231,231,231,231,231,231,231,231,231,231,231,231,231,231,231,231,231,231,231,231,231,231,231,231,231,231,231,231,231,231,231,231,231,231,231,231,231,231,231,231,231,231,231,231,231,231,231,231,231,231,231,231,231,231,231,231,231,231,231,231,231,231,231,231,231,231,231,231,231,231,231,231,231,231,231,231,231,231,231,231,231,231,231,231,231,231,231,231,231,231,231,231,231,231,231,231,231,231,231,231,231,231,231,231,231,231,231,231,231,231,231,231,231,231,231,231,231,231,231,231,231,231,231,231,231,231,231,231,231,
231,231,231,231,231,231,231,231,231,231,231,231,231,231,231,231,231,231,231,231,231,231,231,231,231,231,231,231,231,231,231,231,231,231,231,231,231,231,231,231,231,231,231,231,231,231,231,231,231,231,231,231,231,231,231,231,231,231,231,231,231,231,231,231,231,231,231,231,231,231,231,231,231,231,231,231,231,231,231,231,231,231,231,231,231,231,231,231,231,231,231,231,231,231,231,231,231,231,231,231,231,231,231,231,231,231,231,231,231,231,231,231,231,231,231,231,231,231,231,231,231,231,231,231,231,231,231,231,231,231,231,231,231,231,231,231,231,231,231,231,231,231,231,231,231,231,231,231,231,231,231,231,231,231,231,231,231,231,231,231,231,231,231,231,231,231,231,231,231,231,231,231,231,231,231,231,231,231,231,231,231,231,231,231,231,231,231,231,231,231,231,231,231,231,231,231,231,231,231,231,
231,231,231,231,231,231,231,231,231,231,231,231,231,231,231,231,231,231,231,231,231,231,231,231,231,231,231,231,231,231,231,231,231,231,231,231,231,231,231,231,231,231,231,231,231,231,231,231,231,231,231,231,231,231,231,231,231,231,231,231,231,231,231,231,231,231,231,231,231,231,231,231,231,231,231,231,231,231,231,231,231,231,231,231,231,231,231,231,231,231,231,231,231,231,231,231,231,231,231,231,231,231,231,231,231,231,231,231,231,231,231,231,231,231,231,231,231,231,231,231,231,231,231,231,231,231,231,231,231,231,231,231,231,231,231,231,231,231,231,231,231,231,231,231,231,231,231,231,231,231,231,231,231,231,231,231,231,231,231,231,231,231,231,231,231,231,231,231,231,231,231,231,231,231,231,231,231,231,231,231,231,231,231,231,231,231,231,231,231,231,231,231,231,231,231,231,231,231,231,231,
231,231,231,231,231,231,231,231,231,231,231,231,231,231,231,231,231,231,231,231,231,231,231,231,231,231,231,231,231,231,231,231,231,231,231,231,231,231,231,231,231,231,231,231,231,231,231,231,231,231,231,231,231,231,231,231,231,231,231,231,231,231,231,231,231,231,231,231,231,231,231,231,231,231,231,231,231,231,231,231,231,231,231,231,231,231,231,231,231,231,231,231,231,231,231,231,231,231,231,231,231,231,231,231,231,231,231,231,231,231,231,231,231,231,231,231,231,231,231,231,231,231,231,231,231,231,231,231,231,231,231,231,231,231,231,231,231,231,231,231,231,231,231,231,231,231,231,231,231,231,231,231,231,231,231,231,231,231,231,231,231,231,231,231,231,231,231,231,231,231,231,231,231,231,231,231,231,231,231,231,231,231,231,231,231,231,231,231,231,231,231,231,231,231,231,231,231,231,231,231,
231,231,231,231,231,231,231,231,231,231,231,231,231,231,231,231,231,231,231,231,231,231,231,231,231,231,231,231,231,231,231,231,231,231,231,231,231,231,231,231,231,231,231,231,231,231,231,231,231,231,231,231,231,231,231,231,231,231,231,231,231,231,231,231,231,231,231,231,231,231,231,231,231,231,231,231,231,231,231,231,231,231,231,231,231,231,231,231,231,231,231,231,231,231,231,231,231,231,231,231,231,231,231,231,231,231,231,231,231,231,231,231,231,231,231,231,231,231,231,231,231,231,231,231,231,231,231,231,231,231,231,231,231,231,231,231,231,231,231,231,231,231,231,231,231,231,231,231,231,231,231,231,231,231,231,231,231,231,231,231,231,231,231,231,231,231,231,231,231,231,231,231,231,231,231,231,231,231,231,231,231,231,231,231,231,231,231,231,231,231,231,231,231,231,231,231,231,231,231,231,
231,231,231,231,231,231,231,231,231,231,231,231,231,231,231,231,231,231,231,231,231,231,231,231,231,231,231,231,231,231,231,231,231,231,231,231,231,231,231,231,231,231,231,231,231,231,231,231,231,231,231,231,231,231,231,231,231,231,231,231,231,231,231,231,231,231,231,231,231,231,231,231,231,231,231,231,231,231,231,231,231,231,231,231,231,231,231,231,231,231,231,231,231,231,231,231,231,231,231,231,231,231,231,231,231,231,231,231,231,231,231,231,231,231,231,231,231,231,231,231,231,231,231,231,231,231,231,231,231,231,231,231,231,231,231,231,231,231,231,231,231,231,231,231,231,231,231,231,231,231,231,231,231,231,231,231,231,231,231,231,231,231,231,231,231,231,231,231,231,231,231,231,231,231,231,231,231,231,231,231,231,231,231,231,231,231,231,231,231,231,231,231,231,231,231,231,231,231,231,231,
231,231,231,231,231,231,231,231,231,231,231,231,231,231,231,231,231,231,231,231,231,231,231,231,231,231,231,231,231,231,231,231,231,231,231,231,231,231,231,231,231,231,231,231,231,231,231,231,231,231,231,231,231,231,231,231,231,231,231,231,231,231,231,231,231,231,231,231,231,231,231,231,231,231,231,231,231,231,231,231,231,231,231,231,231,231,231,231,231,231,231,231,231,231,231,231,231,231,231,231,231,231,231,231,231,231,231,231,231,231,231,231,231,231,231,231,231,231,231,231,231,231,231,231,231,231,231,231,231,231,231,231,231,231,231,231,231,231,231,231,231,231,231,231,231,231,231,231,231,231,231,231,231,231,231,231,231,231,231,231,231,231,231,231,231,231,231,231,231,231,231,231,231,231,231,231,231,231,231,231,231,231,231,231,231,231,231,231,231,231,231,231,231,231,231,231,231,231,231,231,
231,231,231,231,231,231,231,231,231,231,231,231,231,231,231,231,231,231,231,231,231,231,231,231,231,231,231,231,231,231,231,231,231,231,231,231,231,231,231,231,231,231,231,231,231,231,231,231,231,231,231,231,231,231,231,231,231,231,231,231,231,231,231,231,231,231,231,231,231,231,231,231,231,231,231,231,231,231,231,231,231,231,231,231,231,231,231,231,231,231,231,231,231,231,231,231,231,231,231,231,231,231,231,231,231,231,231,231,231,231,231,231,231,231,231,231,231,231,231,231,231,231,231,231,231,231,231,231,231,231,231,231,231,231,231,231,231,231,231,231,231,231,231,231,231,231,231,231,231,231,231,231,231,231,231,231,231,231,231,231,231,231,231,231,231,231,231,231,231,231,231,231,231,231,231,231,231,231,231,231,231,231,231,231,231,231,231,231,231,231,231,231,231,231,231,231,231,231,231,231,
231,231,231,231,231,231,231,231,231,231,231,231,231,231,231,231,231,231,231,231,231,231,231,231,231,231,231,231,231,231,231,231,231,231,231,231,231,231,231,231,231,231,231,231,231,231,231,231,231,231,231,231,231,231,231,231,231,231,231,231,231,231,231,231,231,231,231,231,231,231,231,231,231,231,231,231,231,231,231,231,231,231,231,231,231,231,231,231,231,231,231,231,231,231,231,231,231,231,231,231,231,231,231,231,231,231,231,231,231,231,231,231,231,231,231,231,231,231,231,231,231,231,231,231,231,231,231,231,231,231,231,231,231,231,231,231,231,231,231,231,231,231,231,231,231,231,231,231,231,231,231,231,231,231,231,231,231,231,231,231,231,231,231,231,231,231,231,231,231,231,231,231,231,231,231,231,231,231,231,231,231,231,231,231,231,231,231,231,231,231,231,231,231,231,231,231,231,231,231,231,
231,231,231,231,231,231,231,231,231,231,231,231,231,231,231,231,231,231,231,231,231,231,231,231,231,231,231,231,231,231,231,231,231,231,231,231,231,231,231,231,231,231,231,231,231,231,231,231,231,231,231,231,231,231,231,231,231,231,231,231,231,231,231,231,231,231,231,231,231,231,231,231,231,231,231,231,231,231,231,231,231,231,231,231,231,231,231,231,231,231,231,231,231,231,231,231,231,231,231,231,231,231,231,231,231,231,231,231,231,231,231,231,231,231,231,231,231,231,231,231,231,231,231,231,231,231,231,231,231,231,231,231,231,231,231,231,231,231,231,231,231,231,231,231,231,231,231,231,231,231,231,231,231,231,231,231,231,231,231,231,231,231,231,231,231,231,231,231,231,231,231,231,231,231,231,231,231,231,231,231,231,231,231,231,231,231,231,231,231,231,231,231,231,231,231,231,231,231,231,231,
230,231,232,233,234,235,236,237,238,239,240,230,231,232,233,234,235,236,237,238,239,240,230,231,232,233,234,235,236,237,238,239,240,230,231,232,233,234,235,236,237,238,239,240,230,231,232,233,234,235,236,237,238,239,240,230,231,232,233,234,235,236,237,238,239,240,230,231,232,233,234,235,236,237,238,239,240,230,231,232,233,234,235,236,237,238,239,240,230,231,232,233,234,235,236,237,238,239,240,230,231,232,233,234,235,236,237,238,239,240,230,231,232,233,234,235,236,237,238,239,240,230,231,232,233,234,235,236,237,238,239,240,230,231,232,233,234,235,236,237,238,239,240,230,231,232,233,234,235,236,237,238,239,240,230,231,232,233,234,235,236,237,238,239,240,230,231,232,233,234,235,236,237,238,239,240,230,231,232,233,234,235,236,237,238,239,240,230,231,232,233,234,235,236,237,238,239,240,230,231,
260,261,262,263,264,265,266,267,268,269,270,260,261,262,263,264,265,266,267,268,269,270,260,261,262,263,264,265,266,267,268,269,270,260,261,262,263,264,265,266,267,268,269,270,260,261,262,263,264,265,266,267,268,269,270,260,261,262,263,264,265,266,267,268,269,270,260,261,262,263,264,265,266,267,268,269,270,260,261,262,263,264,265,266,267,268,269,270,260,261,262,263,264,265,266,267,268,269,270,260,261,262,263,264,265,266,267,268,269,270,260,261,262,263,264,265,266,267,268,269,270,260,261,262,263,264,265,266,267,268,269,270,260,261,262,263,264,265,266,267,268,269,270,260,261,262,263,264,265,266,267,268,269,270,260,261,262,263,264,265,266,267,268,269,270,260,261,262,263,264,265,266,267,268,269,270,260,261,262,263,264,265,266,267,268,269,270,260,261,262,263,264,265,266,267,268,269,270,260,261,
290,291,292,293,294,295,296,297,298,299,300,290,291,292,293,294,295,296,297,298,299,300,290,291,292,293,294,295,296,297,298,299,300,290,291,292,293,294,295,296,297,298,299,300,290,291,292,293,294,295,296,297,298,299,300,290,291,292,293,294,295,296,297,298,299,300,290,291,292,293,294,295,296,297,298,299,300,290,291,292,293,294,295,296,297,298,299,300,290,291,292,293,294,295,296,297,298,299,300,290,291,292,293,294,295,296,297,298,299,300,290,291,292,293,294,295,296,297,298,299,300,290,291,292,293,294,295,296,297,298,299,300,290,291,292,293,294,295,296,297,298,299,300,290,291,292,293,294,295,296,297,298,299,300,290,291,292,293,294,295,296,297,298,299,300,290,291,292,293,294,295,296,297,298,299,300,290,291,292,293,294,295,296,297,298,299,300,290,291,292,293,294,295,296,297,298,299,300,290,291,
291,292,293,294,295,296,297,298,299,300,290,291,292,293,294,295,296,297,298,299,300,290,291,292,293,294,295,296,297,298,299,300,290,291,292,293,294,295,296,297,298,299,300,290,291,292,293,294,295,296,297,298,291,292,293,294,295,296,297,298,299,300,290,291,292,293,294,295,296,297,298,299,300,290,291,292,293,294,295,296,297,298,299,300,290,291,292,293,294,295,296,297,298,299,300,290,291,292,293,294,295,296,297,298,291,292,293,294,295,296,297,298,299,300,290,291,292,293,294,295,296,297,298,299,300,290,291,292,293,294,295,296,297,298,299,300,290,291,292,293,294,295,296,297,298,299,300,290,291,292,293,294,295,296,297,298,291,292,293,294,295,296,297,298,299,300,290,291,292,293,294,295,296,297,298,299,300,290,291,292,293,294,295,296,297,298,299,300,290,291,292,293,294,295,296,297,298,299,300,290,
291,292,293,294,295,296,297,298,299,300,290,291,292,293,294,295,296,297,298,299,300,290,291,292,293,294,295,296,297,298,299,300,290,291,292,293,294,295,296,297,298,299,300,290,291,292,293,294,295,296,297,298,291,292,293,294,295,296,297,298,299,300,290,291,292,293,294,295,296,297,298,299,300,290,291,292,293,294,295,296,297,298,299,300,290,291,292,293,294,295,296,297,298,299,300,290,291,292,293,294,295,296,297,298,291,292,293,294,295,296,297,298,299,300,290,291,292,293,294,295,296,297,298,299,300,290,291,292,293,294,295,296,297,298,299,300,290,291,292,293,294,295,296,297,298,299,300,290,291,292,293,294,295,296,297,298,291,292,293,294,295,296,297,298,299,300,290,291,292,293,294,295,296,297,298,299,300,290,291,292,293,294,295,296,297,298,299,300,290,291,292,293,294,295,296,297,298,299,300,290,
291,292,293,294,295,296,297,298,299,300,290,291,292,293,294,295,296,297,298,299,300,290,291,292,293,294,295,296,297,298,299,300,290,291,292,293,294,295,296,297,298,299,300,290,291,292,293,294,295,296,297,298,291,292,293,294,295,296,297,298,299,300,290,291,292,293,294,295,296,297,298,299,300,290,291,292,293,294,295,296,297,298,299,300,290,291,292,293,294,295,296,297,298,299,300,290,291,292,293,294,295,296,297,298,291,292,293,294,295,296,297,298,299,300,290,291,292,293,294,295,296,297,298,299,300,290,291,292,293,294,295,296,297,298,299,300,290,291,292,293,294,295,296,297,298,299,300,290,291,292,293,294,295,296,297,298,299,300,290,291,292,293,294,295,300,290,291,292,293,294,295,296,297,298,299,300,290,291,292,293,294,295,296,297,297,298,299,300,290,291,292,293,294,295,296,297,298,299,300,290,
291,292,293,294,295,296,297,298,299,300,290,291,292,293,294,295,296,297,298,299,300,290,291,292,293,294,295,296,297,298,299,300,290,291,292,293,294,295,296,297,298,299,300,290,291,292,293,294,295,296,297,298,291,292,293,294,295,296,297,298,299,300,290,291,292,293,294,295,296,297,298,299,300,290,291,292,293,294,295,296,297,298,299,300,290,291,292,293,294,295,296,297,298,299,300,290,291,292,293,294,295,296,297,298,291,292,293,294,295,296,297,298,299,300,290,291,292,293,294,295,296,297,298,299,300,290,291,292,293,294,295,296,297,298,299,300,290,291,292,293,294,295,296,297,298,299,300,290,291,292,293,294,295,296,297,298,299,300,290,291,292,293,294,295,300,290,291,292,293,294,295,296,297,298,299,300,290,291,292,293,294,295,296,297,297,298,299,300,290,291,292,293,294,295,296,297,298,299,300,290,
291,292,293,294,295,296,297,298,299,300,290,291,292,293,294,295,296,297,298,299,300,290,291,292,293,294,295,296,297,298,299,300,290,291,292,293,294,295,296,297,298,299,300,290,291,292,293,294,295,296,297,298,291,292,293,294,295,296,297,298,299,300,290,291,292,293,294,295,296,297,298,299,300,290,291,292,293,294,295,296,297,298,299,300,290,291,292,293,294,295,296,297,298,299,300,290,291,292,293,294,295,296,297,298,291,292,293,294,295,296,297,298,299,300,290,291,292,293,294,295,296,297,298,299,300,290,291,292,293,294,295,296,297,298,299,300,290,291,292,293,294,295,296,297,298,299,300,290,291,292,293,294,295,296,297,298,299,300,290,291,292,293,294,295,300,290,291,292,293,294,295,296,297,298,299,300,290,291,292,293,294,295,296,297,297,298,299,300,290,291,292,293,294,295,296,297,298,299,300,290,
291,292,293,294,295,296,297,298,299,300,290,291,292,293,294,295,296,297,298,299,300,290,291,292,293,294,295,296,297,298,299,300,290,291,292,293,294,295,296,297,298,299,300,290,291,292,293,294,295,296,297,298,291,292,293,294,295,296,297,298,299,300,290,291,292,293,294,295,296,297,298,299,300,290,291,292,293,294,295,296,297,298,299,300,290,291,292,293,294,295,296,297,298,299,300,290,291,292,293,294,295,296,297,298,291,292,293,294,295,296,297,298,299,300,290,291,292,293,294,295,296,297,298,299,300,290,291,292,293,294,295,296,297,298,299,300,290,291,292,293,294,295,296,297,298,299,300,290,291,292,293,294,295,296,297,298,299,300,290,291,292,293,294,295,300,290,291,292,293,294,295,296,297,298,299,300,290,291,292,293,294,295,296,297,297,298,299,300,290,291,292,293,294,295,296,297,298,299,300,290,
291,292,293,294,295,296,297,298,299,300,290,291,292,293,294,295,296,297,298,299,300,290,291,292,293,294,295,296,297,298,299,300,290,291,292,293,294,295,296,297,298,299,300,290,291,292,293,294,295,296,297,298,291,292,293,294,295,296,297,298,299,300,290,291,292,293,294,295,296,297,298,299,300,290,291,292,293,294,295,296,297,298,299,300,290,291,292,293,294,295,296,297,298,299,300,290,291,292,293,294,295,296,297,298,291,292,293,294,295,296,297,298,299,300,290,291,292,293,294,295,296,297,298,299,300,290,291,292,293,294,295,296,297,298,299,300,290,291,292,293,294,295,296,297,298,299,300,290,291,292,293,294,295,296,297,298,299,300,290,291,292,293,294,295,300,290,291,292,293,294,295,296,297,298,299,300,290,291,292,293,294,295,296,297,297,298,299,300,290,291,292,293,294,295,296,297,298,299,300,290,
291,292,293,294,295,296,297,298,299,300,290,291,292,293,294,295,296,297,298,299,300,290,291,292,293,294,295,296,297,298,299,300,290,291,292,293,294,295,296,297,298,299,300,290,291,292,293,294,295,296,297,298,291,292,293,294,295,296,297,298,299,300,290,291,292,293,294,295,296,297,298,299,300,290,291,292,293,294,295,296,297,298,299,300,290,291,292,293,294,295,296,297,298,299,300,290,291,292,293,294,295,296,297,298,291,292,293,294,295,296,297,298,299,300,290,291,292,293,294,295,296,297,298,299,300,290,291,292,293,294,295,296,297,298,299,300,290,291,292,293,294,295,296,297,298,299,300,290,291,292,293,294,295,296,297,298,299,300,290,291,292,293,294,295,300,290,291,292,293,294,295,296,297,298,299,300,290,291,292,293,294,295,296,297,297,298,299,300,290,291,292,293,294,295,296,297,298,299,300,290

