[header]
width=169
height=32
tilewidth=21
tileheight=21
orientation=orthogonal

[tilesets]
tileset=finalproject/NYUCodebase/spritesheet_rgba.png,21,21,0,0

[layer]
type=Tile Layer 1
data=
0,0,0,0,0,0,0,0,0,0,0,0,0,0,0,0,0,0,0,0,0,0,0,0,0,0,0,0,0,0,0,0,0,0,0,0,0,0,0,0,0,0,0,0,0,0,0,0,0,0,0,0,0,0,0,0,0,0,0,0,0,0,0,0,0,0,0,0,0,0,0,0,0,0,0,0,0,0,0,0,0,0,0,0,0,0,0,0,0,0,0,0,0,0,0,0,0,0,0,0,0,0,0,0,0,0,0,0,0,0,0,0,0,0,0,0,0,0,0,0,0,0,0,0,0,0,0,0,0,0,0,0,0,0,0,0,0,0,0,0,0,0,0,0,0,0,0,0,0,0,0,0,0,0,0,0,0,0,0,0,0,0,0,0,0,0,0,0,0,
0,0,0,0,0,0,0,0,0,0,0,0,0,0,0,0,0,0,0,0,0,0,0,0,0,0,0,0,0,0,0,0,0,0,0,0,0,0,0,0,0,0,0,0,0,0,0,0,0,0,0,0,0,0,0,0,0,0,0,0,0,0,0,0,0,0,0,0,0,0,0,0,0,0,0,0,0,0,0,0,0,0,0,0,0,0,0,0,0,0,0,0,0,0,0,0,0,0,0,0,0,0,0,0,0,0,0,0,0,0,0,0,0,0,0,0,0,0,0,0,0,0,0,0,0,0,0,0,0,0,0,0,0,0,0,0,0,0,0,0,0,0,0,0,0,0,0,0,0,0,0,0,0,0,0,0,0,0,0,0,0,0,0,0,0,0,0,0,0,
0,0,0,0,0,0,0,0,0,0,0,0,0,0,0,0,0,0,0,0,0,0,0,0,0,0,0,0,0,0,0,0,0,0,0,0,0,0,0,0,0,0,0,0,0,0,0,0,0,0,0,0,0,0,0,0,0,0,0,0,0,0,0,0,0,0,0,0,0,0,0,0,0,0,0,0,0,0,0,0,0,0,0,0,0,0,0,0,0,0,0,0,0,0,0,0,0,0,0,0,0,0,0,0,0,0,0,0,0,0,0,0,0,0,0,0,0,0,0,0,0,0,0,0,0,0,0,0,0,0,0,0,0,0,0,0,0,0,0,0,0,0,0,0,0,0,0,0,0,0,0,0,0,0,0,0,0,0,0,0,0,0,0,0,0,0,0,0,0,
0,0,0,0,0,0,0,0,0,0,0,0,0,0,0,0,0,0,0,0,0,0,0,0,0,0,0,0,0,0,0,0,0,0,0,0,0,0,0,0,0,0,0,0,0,0,0,0,0,0,0,0,0,0,0,0,0,0,0,0,0,0,0,0,0,0,0,0,0,0,0,0,0,0,0,0,0,0,0,0,0,0,0,0,0,0,0,0,0,0,0,0,0,0,0,0,0,0,0,0,0,0,0,0,0,0,0,0,0,0,0,0,0,0,0,0,0,0,0,0,0,0,0,0,0,0,0,0,0,0,0,0,0,0,0,0,0,0,0,0,0,0,0,0,0,0,0,0,0,0,0,0,0,0,0,0,0,0,0,0,0,0,0,0,0,0,0,0,0,
0,0,0,0,0,0,0,0,0,0,0,0,0,0,0,0,0,0,0,0,0,0,0,0,0,0,0,0,0,0,0,0,0,0,0,0,0,0,0,0,0,0,0,0,0,0,0,0,0,0,0,0,0,0,0,0,0,0,0,0,0,0,0,0,0,0,0,0,0,0,0,0,0,0,0,0,0,0,0,0,0,0,0,0,0,0,0,0,0,0,0,0,0,0,0,0,0,0,0,0,0,0,0,0,0,0,0,0,0,0,0,0,0,0,0,0,0,0,0,0,0,0,0,0,0,0,0,0,0,0,0,0,0,0,0,0,0,0,0,0,0,0,0,0,0,0,0,0,0,0,0,0,0,0,0,0,0,0,0,0,0,0,0,0,0,0,0,0,0,
0,0,0,0,0,0,0,0,0,0,0,0,0,0,0,0,0,0,0,0,0,0,0,0,0,0,0,0,0,0,0,0,0,0,0,0,0,0,0,0,0,0,0,0,0,0,0,0,0,0,0,0,0,0,0,0,0,0,0,0,0,0,0,0,0,0,0,0,0,0,0,0,0,0,0,0,0,0,0,0,0,0,0,0,0,0,0,0,0,0,0,0,0,0,0,0,0,0,0,0,0,0,0,0,0,0,0,0,0,0,0,0,0,0,0,0,0,0,0,0,0,0,0,0,0,0,0,0,0,0,0,0,0,0,0,0,0,0,0,0,0,0,0,0,0,0,0,0,0,0,0,0,0,0,0,0,0,0,0,0,0,0,0,0,0,0,0,0,0,
0,0,0,0,0,0,0,0,0,0,0,0,0,0,0,0,0,0,0,0,0,0,0,0,0,0,0,0,0,0,0,0,0,0,0,0,0,0,0,0,0,0,0,0,0,0,0,0,0,0,0,0,0,0,0,0,0,0,0,0,0,0,0,0,0,0,0,0,0,0,0,0,0,0,0,0,0,0,0,0,0,0,0,0,0,0,0,0,0,0,0,0,0,0,0,0,0,0,0,0,0,0,0,0,0,0,0,0,0,0,0,0,0,0,0,0,0,0,0,0,0,0,0,0,0,0,0,0,0,0,0,0,0,0,0,0,0,0,0,0,0,0,0,0,0,0,0,0,0,0,0,0,0,0,0,0,0,0,0,0,0,0,0,0,0,0,0,0,0,
0,0,0,0,0,0,0,0,0,0,0,0,0,0,0,0,0,0,0,0,0,0,0,0,0,0,0,0,0,0,0,0,0,0,0,0,0,0,0,0,0,0,0,0,0,0,0,0,0,0,0,0,0,0,0,0,0,0,0,0,0,0,0,0,0,0,0,0,0,0,0,0,0,0,0,0,0,0,0,0,0,0,0,0,0,0,0,0,0,0,0,0,0,0,0,0,0,0,0,0,0,0,0,0,0,0,0,0,0,0,0,0,0,0,0,0,0,0,0,0,0,0,0,0,0,0,0,0,0,0,0,0,0,0,0,0,0,0,0,0,0,0,0,0,0,0,0,0,0,0,0,0,0,0,0,0,0,0,0,0,0,0,0,0,0,0,0,0,0,
0,0,0,0,0,0,0,0,0,0,0,0,0,0,0,0,0,0,0,0,0,0,0,0,0,0,0,0,0,0,0,0,0,0,0,0,0,0,0,0,0,0,0,0,0,0,0,0,0,0,0,0,0,0,0,0,0,0,0,0,0,0,0,0,0,0,0,0,0,0,0,0,0,0,0,0,0,0,0,0,0,0,0,0,0,0,0,0,0,0,0,0,0,0,0,0,0,0,0,0,0,0,0,0,0,0,0,0,0,0,0,0,0,0,0,0,0,0,0,0,0,0,0,0,0,0,0,0,0,0,0,0,0,0,0,0,0,0,0,0,0,0,0,0,0,0,0,0,0,0,0,0,0,0,0,0,0,0,0,0,0,0,0,0,0,0,0,0,0,
0,0,0,0,0,0,0,0,0,0,0,0,0,0,0,0,0,0,0,0,0,0,0,0,0,0,0,0,0,0,0,0,0,0,0,0,0,0,0,0,0,0,0,0,0,0,0,0,0,0,0,0,0,0,0,0,0,0,0,0,0,0,0,0,0,0,0,0,0,0,0,0,0,0,0,0,0,0,0,0,0,0,0,0,0,0,0,0,0,0,0,0,0,0,0,0,0,0,0,0,0,0,0,0,0,0,0,0,0,0,0,0,0,0,0,0,0,0,0,0,0,0,0,0,0,0,0,0,0,0,0,0,0,0,0,0,0,0,0,0,0,0,0,0,0,0,0,0,0,0,0,0,0,0,0,0,0,0,0,0,0,0,0,0,0,0,0,0,200,
0,0,0,0,0,0,0,0,0,0,0,0,0,0,0,0,0,0,0,0,0,0,0,0,0,0,0,0,0,0,0,0,0,0,0,0,0,0,0,0,0,0,0,0,0,0,0,0,0,0,0,0,0,0,0,0,0,0,0,0,0,0,0,0,0,0,0,0,0,0,0,0,0,0,0,0,0,0,0,0,0,0,0,0,0,0,0,0,0,0,0,0,0,0,0,0,0,0,0,0,0,0,0,0,0,0,0,0,0,0,0,0,0,0,0,0,0,0,0,0,0,0,0,0,0,0,0,0,0,0,0,0,0,0,0,0,0,0,0,0,0,0,0,0,0,0,0,0,0,0,0,0,0,0,0,0,0,0,0,0,0,0,0,0,0,0,0,0,200,
0,0,0,0,0,0,0,0,0,0,0,0,0,0,0,0,0,0,0,0,0,0,0,0,0,0,0,0,0,0,0,0,0,0,0,0,0,0,0,0,0,0,0,0,0,0,0,0,0,0,0,0,0,0,0,0,0,0,0,0,0,0,0,0,0,0,0,0,0,0,0,0,0,0,0,0,0,0,0,0,0,0,0,0,0,0,0,0,0,0,0,0,0,0,0,0,0,0,0,0,0,0,0,0,0,0,0,0,0,0,0,0,0,0,0,0,0,0,0,0,0,0,0,0,0,0,0,0,0,0,0,0,0,0,0,0,0,0,0,0,0,0,0,0,0,0,0,0,0,0,0,0,0,0,0,0,0,0,0,0,0,0,0,0,0,0,0,0,200,
0,0,0,0,0,0,0,0,0,0,0,0,0,0,0,0,0,0,0,0,0,0,0,0,0,0,0,0,0,0,0,0,0,0,0,0,0,0,0,0,0,0,0,0,0,0,0,0,0,0,0,0,0,0,0,0,0,0,0,0,0,0,0,0,0,0,0,0,0,0,0,0,0,0,0,0,0,0,0,0,0,0,0,0,0,0,0,0,0,0,0,0,0,0,0,0,0,0,0,0,0,0,0,0,0,0,0,0,0,0,0,0,0,0,0,0,0,0,0,0,0,0,0,0,0,0,0,0,0,0,0,0,0,0,0,0,0,0,0,0,0,0,0,0,0,0,0,0,0,0,0,0,482,0,0,0,0,0,0,0,0,0,0,0,0,0,0,0,200,
0,0,0,0,0,0,0,0,0,0,0,0,0,0,0,0,0,0,0,0,0,0,0,0,0,0,0,0,0,0,0,0,0,0,0,0,0,0,0,0,0,0,0,0,0,0,0,0,0,0,0,0,0,0,0,0,0,0,0,0,0,0,0,0,0,0,0,0,0,0,0,0,0,0,0,0,0,0,0,0,0,0,0,0,0,0,0,0,0,0,0,0,0,0,0,0,0,0,0,0,0,0,0,0,0,0,0,0,0,0,0,0,0,0,0,0,0,0,0,0,0,0,0,0,0,0,0,0,0,0,0,0,0,0,0,0,0,0,0,0,0,0,0,0,0,0,0,0,0,0,0,0,513,0,574,0,0,0,0,0,0,0,0,0,0,0,0,0,200,
200,0,0,0,0,0,0,0,0,0,0,0,0,0,0,0,0,0,0,0,0,0,0,0,0,0,0,0,0,0,0,0,0,0,0,0,0,0,0,0,0,0,0,0,0,0,0,0,0,0,0,0,0,0,0,0,0,0,0,0,0,0,0,0,0,0,0,0,0,0,0,0,0,0,0,0,0,0,0,0,0,0,0,0,0,0,0,0,0,0,0,0,0,0,0,0,0,0,0,0,0,0,0,0,0,0,0,0,0,0,0,0,0,0,0,0,0,0,0,0,0,0,0,0,0,0,0,0,0,0,0,0,0,0,0,0,0,610,0,0,0,0,0,0,0,0,0,0,0,0,482,0,513,0,482,0,0,0,0,0,0,0,0,0,0,0,0,0,200,
200,0,0,0,0,0,0,0,0,0,0,0,0,0,0,0,0,0,0,0,0,0,0,0,0,0,0,0,0,0,0,0,0,0,0,0,0,0,0,0,0,0,0,0,0,0,0,0,0,0,0,0,0,0,0,0,0,0,0,0,0,0,0,0,0,0,0,0,0,0,0,0,0,0,0,0,0,0,0,0,0,0,0,0,0,0,0,0,0,0,0,0,0,0,0,0,0,0,0,0,0,0,0,0,0,0,0,0,0,0,0,0,0,0,0,0,0,0,0,0,0,0,0,0,0,0,0,0,0,0,0,0,0,0,0,482,482,482,482,482,0,0,0,0,0,0,0,0,0,0,513,0,513,0,513,0,0,0,0,0,0,0,0,0,0,226,0,0,200,
200,0,0,0,0,0,0,0,0,0,0,0,0,0,0,0,0,0,0,0,0,0,0,0,0,0,0,0,0,0,0,0,0,0,0,0,0,0,0,0,0,0,0,0,0,0,0,0,0,0,0,0,0,0,0,0,0,0,0,0,0,0,0,0,0,0,0,0,0,0,0,0,0,0,0,0,0,0,0,0,201,0,0,0,201,0,0,0,0,0,0,0,0,0,0,0,0,0,0,0,0,0,0,0,0,0,0,0,0,0,0,0,0,0,0,0,0,0,0,0,0,0,0,0,0,0,0,0,0,0,0,491,492,0,0,513,513,513,513,513,0,0,0,0,0,0,0,0,482,0,513,0,513,0,513,0,482,0,0,0,0,0,0,0,0,226,0,0,200,
200,0,0,0,0,0,0,0,0,0,0,0,0,0,0,0,0,0,0,0,0,0,0,0,0,0,0,0,0,0,0,0,0,0,0,0,201,0,0,0,201,0,0,0,0,0,0,0,0,0,0,0,0,0,0,0,0,0,0,0,0,0,0,0,0,631,0,0,0,0,0,0,0,0,0,0,0,0,0,0,0,489,489,490,0,0,0,0,0,0,0,0,0,0,0,0,0,0,0,0,0,0,0,0,0,0,0,0,0,0,0,0,0,0,0,0,0,0,0,0,0,0,0,0,0,0,0,0,0,0,0,0,0,0,0,513,513,513,513,513,0,0,0,0,0,0,0,0,513,0,513,0,513,0,513,0,513,0,574,0,0,0,0,0,0,226,0,0,200,
200,0,0,0,0,0,0,0,0,0,0,0,0,0,0,0,0,491,492,491,0,0,0,0,0,0,0,0,0,0,0,0,0,0,0,0,0,483,484,485,0,0,0,0,0,0,0,0,0,0,0,0,0,0,0,0,0,0,0,0,0,0,0,0,669,640,671,0,0,0,0,0,0,0,0,0,605,0,606,0,0,0,0,0,0,0,0,0,0,0,0,0,0,0,0,0,0,0,0,0,0,0,0,0,0,0,0,0,0,0,0,0,0,0,0,0,0,0,0,0,0,0,0,0,0,0,0,491,492,0,0,0,0,0,0,513,513,513,513,513,0,0,0,0,0,0,482,0,513,0,513,0,513,0,513,0,513,0,482,0,0,0,0,0,0,226,0,0,200,
200,0,0,0,0,0,0,0,0,0,0,0,201,0,0,0,201,0,0,0,0,0,0,0,0,0,0,0,0,0,0,0,0,0,0,0,0,0,0,0,201,0,0,0,0,0,0,0,0,0,0,0,0,0,0,0,0,0,0,0,0,0,0,0,639,640,641,0,0,0,0,0,0,0,0,482,482,482,482,482,0,0,0,0,0,489,489,490,0,0,0,0,0,674,0,614,0,0,644,0,0,0,0,0,0,0,0,0,0,0,0,0,0,0,0,0,0,0,0,0,0,0,0,0,0,0,0,0,0,0,0,0,0,0,0,513,513,513,513,513,0,0,0,0,0,0,513,0,513,0,513,0,513,0,513,0,513,0,513,0,0,0,0,0,0,226,0,0,200,
200,0,0,0,0,0,0,0,0,0,0,0,0,491,491,492,0,0,0,0,0,0,0,0,0,0,0,0,0,0,0,0,0,70,0,0,0,0,0,0,0,483,484,485,0,0,0,0,0,0,0,0,0,0,0,0,0,0,0,0,0,0,0,0,669,640,671,0,0,0,0,0,489,490,0,513,513,513,513,513,0,0,0,0,0,0,0,0,201,0,0,0,201,482,482,482,482,482,482,0,0,0,0,0,0,0,0,0,0,0,0,0,0,0,0,0,0,0,0,0,0,0,0,491,492,0,0,0,0,0,0,0,0,0,0,513,513,513,513,513,0,0,0,0,482,0,513,0,513,0,513,0,513,0,513,0,513,0,513,0,482,0,0,0,0,226,0,0,200,
200,0,0,0,0,631,0,0,0,0,0,0,0,0,0,0,0,0,0,0,0,0,0,0,0,0,0,0,0,0,0,0,0,0,0,0,0,0,0,0,0,0,0,0,0,0,0,0,0,0,0,0,0,0,0,0,0,0,0,0,0,0,0,0,0,634,0,0,0,0,0,0,0,0,0,513,513,513,513,513,0,0,0,0,0,0,0,0,0,489,489,490,0,513,513,513,513,513,513,0,0,0,0,0,0,0,0,0,0,0,0,0,0,0,0,0,0,0,0,0,0,0,0,0,0,0,0,0,0,0,0,0,0,0,0,513,513,513,513,513,0,0,0,0,513,0,513,0,513,0,513,0,513,0,513,0,513,0,513,0,513,0,0,0,0,226,0,0,200,
200,0,0,0,642,670,643,0,0,0,491,491,492,0,0,0,0,0,0,0,0,0,0,0,0,0,0,0,0,0,0,0,0,0,0,0,0,0,483,484,0,0,0,0,0,0,0,0,0,0,0,0,0,0,0,0,0,0,0,0,0,0,0,0,0,635,0,0,489,490,0,0,0,0,0,513,513,513,513,513,0,0,0,0,0,0,0,0,0,0,0,0,0,513,513,513,513,513,513,0,0,0,0,0,0,0,0,0,0,0,0,0,0,0,0,0,0,0,0,491,492,0,0,0,0,0,0,0,0,0,0,0,0,0,0,513,513,513,513,513,661,0,0,0,513,0,513,0,513,0,513,0,513,0,513,0,513,0,513,0,513,0,0,0,0,226,0,823,200,
200,552,553,554,672,670,673,0,0,0,0,0,0,0,0,0,0,0,0,0,0,0,0,0,0,0,0,0,607,0,0,0,0,0,0,0,0,0,0,0,0,0,0,0,0,0,0,0,0,0,0,0,0,0,0,0,0,0,0,0,0,0,0,0,0,665,0,0,0,0,0,0,0,0,0,513,513,513,513,513,0,0,0,0,0,0,0,0,0,0,0,0,0,513,513,513,513,513,513,0,612,0,0,0,0,0,0,0,0,0,0,0,0,0,0,0,0,0,0,0,0,0,0,0,0,0,0,0,0,0,0,0,552,553,554,513,513,513,513,513,670,671,0,0,513,0,513,0,513,0,513,0,513,0,513,0,513,0,513,0,513,0,0,0,0,226,0,853,200,
200,582,584,582,602,632,0,0,0,0,0,0,0,0,0,0,0,0,0,0,0,0,0,0,0,0,201,0,609,0,0,0,0,0,0,0,0,0,0,0,0,0,0,0,0,0,0,0,0,644,0,0,201,0,0,0,0,0,201,602,0,0,0,0,521,662,522,0,0,601,0,0,0,603,603,513,513,513,513,513,0,0,0,0,0,0,0,0,0,0,0,0,0,513,513,513,513,513,513,0,613,0,0,0,0,0,0,0,0,0,0,0,0,0,201,0,0,0,0,0,0,0,0,0,0,0,0,524,0,521,0,524,584,582,583,513,513,513,513,513,633,0,0,0,513,0,513,0,513,0,513,0,513,0,513,0,513,0,513,0,513,0,0,254,0,226,0,883,200,
482,482,482,482,482,482,482,482,483,484,485,482,482,482,482,482,482,482,482,482,482,482,483,548,549,550,551,482,482,483,484,485,482,482,482,482,482,482,482,482,482,482,482,482,482,482,482,482,482,482,483,484,0,0,0,0,0,0,0,482,482,482,482,482,482,482,482,482,482,482,482,482,483,484,485,513,513,513,513,513,482,482,482,482,482,482,482,482,482,482,483,484,485,513,513,513,513,513,513,482,482,548,548,492,548,548,548,492,548,548,548,492,549,550,551,482,482,482,482,482,482,482,482,482,482,482,482,483,484,485,482,482,482,482,482,513,513,513,513,513,482,482,482,0,513,0,513,0,513,0,513,0,513,0,513,0,513,0,513,0,513,0,483,484,485,482,482,482,482,
513,513,513,513,513,513,513,513,513,513,513,513,513,513,513,513,513,513,513,513,513,513,513,578,579,580,581,513,513,513,513,513,513,513,513,513,513,513,513,513,513,513,513,513,513,513,513,513,513,513,513,513,0,0,0,0,0,0,0,513,513,513,513,513,513,513,513,513,513,513,513,513,513,513,513,513,513,513,513,513,513,513,513,513,513,513,513,513,513,513,513,513,513,513,513,513,513,513,513,513,513,578,578,578,578,579,580,578,579,580,581,578,579,580,581,513,513,513,513,513,513,513,513,513,513,513,513,513,513,513,513,513,513,513,513,513,513,513,513,513,513,513,513,0,513,0,513,0,513,0,513,0,513,0,513,0,513,0,513,0,513,0,513,513,513,513,513,513,513,
513,513,513,513,513,513,513,513,513,513,513,513,513,513,513,513,513,513,513,513,513,513,513,578,579,580,581,513,513,513,513,513,513,513,513,513,513,513,513,513,513,513,513,513,513,513,513,513,513,513,513,513,0,0,0,0,0,493,494,513,513,513,513,513,513,513,513,513,513,513,513,513,513,513,513,513,513,513,513,513,513,513,513,513,513,513,513,513,513,513,513,513,513,513,513,513,513,513,513,513,513,578,578,579,578,578,579,578,579,580,581,578,579,580,581,513,513,513,513,513,513,513,513,513,513,513,513,513,513,513,513,513,513,513,513,513,513,513,513,513,513,513,513,0,513,0,513,0,513,0,513,0,513,0,513,0,513,0,513,0,513,0,513,513,513,513,513,513,513,
513,513,513,513,513,513,513,513,513,513,513,513,513,513,513,513,513,513,513,513,513,513,513,578,579,580,581,513,513,513,513,513,513,513,513,513,513,513,513,513,513,513,513,513,513,513,513,513,513,513,513,513,0,0,0,0,0,0,0,513,513,513,513,513,513,513,513,513,513,513,513,513,513,513,513,513,513,513,513,513,513,513,513,513,513,513,513,513,513,513,513,513,513,513,513,513,513,513,513,513,513,578,579,580,581,578,579,578,579,580,581,578,579,580,581,513,513,513,513,513,513,513,513,513,513,513,513,513,513,513,513,513,513,513,513,513,513,513,513,513,513,513,513,0,513,0,513,0,513,0,513,0,513,0,513,0,513,0,513,0,513,0,513,513,513,513,513,513,513,
513,513,513,513,513,513,513,513,513,513,513,513,513,513,513,513,513,513,513,513,513,513,513,578,579,580,581,513,513,513,513,513,513,513,513,513,513,513,513,513,513,513,513,513,513,513,513,513,513,513,513,513,0,0,491,491,0,0,0,513,513,513,513,513,513,513,513,513,513,513,513,513,513,513,513,513,513,513,513,513,513,513,513,513,513,513,513,513,513,513,513,513,513,513,513,513,513,513,513,513,513,578,579,580,581,580,581,578,579,580,581,578,579,580,581,513,513,513,513,513,513,513,513,513,513,513,513,513,513,513,513,513,513,513,513,513,513,513,513,513,513,513,513,0,513,0,513,0,513,0,513,0,513,0,513,0,513,0,513,0,513,0,513,513,513,513,513,513,513,
513,513,513,513,513,513,513,513,513,513,513,513,513,513,513,513,513,513,513,513,513,513,513,578,41,580,41,513,513,513,513,513,513,513,513,513,513,513,513,513,513,513,513,513,513,513,513,513,513,513,513,513,0,0,0,0,0,0,0,513,513,513,513,513,513,513,513,513,513,513,513,513,513,513,513,513,513,513,513,513,513,513,513,513,513,513,513,513,513,513,513,513,513,513,513,513,513,513,513,513,513,578,579,580,581,580,581,578,579,580,581,578,579,580,581,513,513,513,513,513,513,513,513,513,513,513,513,513,513,513,513,513,513,513,513,513,513,513,513,513,513,513,513,0,513,0,513,0,513,0,513,0,513,0,513,0,513,0,513,0,513,0,513,513,513,513,513,513,513,
513,513,513,513,513,513,513,513,513,513,513,513,513,513,513,513,513,513,513,513,513,513,513,513,513,513,513,513,513,513,513,513,513,513,513,513,513,513,513,513,513,513,513,513,513,513,513,513,513,513,513,513,574,574,574,575,576,575,575,513,513,513,513,513,513,513,513,513,513,513,513,513,513,513,513,513,513,513,513,513,513,513,513,513,513,513,513,513,513,513,513,513,513,513,513,513,513,513,513,513,513,574,575,576,575,574,575,575,576,574,575,575,574,575,576,513,513,513,513,513,513,513,513,513,513,513,513,513,513,513,513,513,513,513,513,513,513,513,513,513,513,513,513,574,513,574,513,574,513,574,513,574,513,574,513,574,513,574,513,574,513,575,513,513,513,513,513,513,513




[Object Layer 1]
# Diamond
type=Diamond
location=18,17,1,1

[Object Layer 1]
# Slug
type=Slug
location=13,20,1,1

[Object Layer 1]
# Fish
type=Fish
location=25,30,1,1

[Object Layer 1]
# Fish
type=Fish
location=23,29,1,1

[Object Layer 1]
# Key
type=Key
location=25,31,1,1

[Object Layer 1]
# Spider
type=Spider
location=35,25,1,1

[Object Layer 1]
# Ghost
type=Ghost
location=38,17,1,1

[Object Layer 1]
# Bee
type=Bee
location=54,28,1,1

[Object Layer 1]
# Bee
type=Bee
location=55,28,1,1

[Object Layer 1]
# Diamond
type=Diamond
location=55,28,1,1

[Object Layer 1]
# Key
type=Key
location=54,28,1,1

[Object Layer 1]
# Spider
type=Spider
location=67,25,1,1

[Object Layer 1]
# Spider
type=Spider
location=71,24,1,1

[Object Layer 1]
# Diamond
type=Diamond
location=73,25,1,1

[Object Layer 1]
# Slug2
type=Slug2
location=81,24,1,1

[Object Layer 1]
# Slug2
type=Slug2
location=83,24,1,1

[Object Layer 1]
# Key
type=Key
location=82,24,1,1

[Object Layer 1]
# Ghost
type=Ghost
location=82,16,1,1

[Object Layer 1]
# Ghost
type=Ghost
location=90,22,1,1

[Object Layer 1]
# Key
type=Key
location=134,24,1,1

[Object Layer 1]
# Fish
type=Fish
location=102,27,1,1

[Object Layer 1]
# Fish
type=Fish
location=103,27,1,1

[Object Layer 1]
# Fish
type=Fish
location=104,27,1,1

[Object Layer 1]
# Fish
type=Fish
location=106,29,1,1

[Object Layer 1]
# Fish
type=Fish
location=107,29,1,1

[Object Layer 1]
# Fish
type=Fish
location=108,29,1,1

[Object Layer 1]
# Ghost
type=Ghost
location=118,25,1,1

[Object Layer 1]
# Ghost
type=Ghost
location=129,24,1,1

[Object Layer 1]
# Player
type=Player
location=3,25,1,1

[Object Layer 1]
# Key
type=Key
location=33,19,1,1

[Object Layer 1]
# Slug2
type=Slug2
location=89,24,1,1

[Object Layer 1]
# Slug2
type=Slug2
location=91,24,1,1

[Object Layer 1]
# Diamond
type=Diamond
location=90,24,1,1

[Object Layer 1]
# Key
type=Key
location=152,11,1,1

[Object Layer 1]
# Diamond
type=Diamond
location=156,15,1,1
