[header]
width=200
height=32
tilewidth=21
tileheight=21
orientation=orthogonal

[tilesets]
tileset=finalproject/NYUCodebase/spritesheet_rgba.png,21,21,0,0

[Object Layer 1]
# Player
type=Player
location=2,24,1,1

[Object Layer 1]
# Key
type=Key
location=6,23,1,1

[Object Layer 1]
# Key
type=Key
location=22,13,1,1

[Object Layer 1]
# Key
type=Key
location=33,30,1,1

[Object Layer 1]
# Key
type=Key
location=63,30,1,1

[Object Layer 1]
# Key
type=Key
location=115,25,1,1

[Object Layer 1]
# Key
type=Key
location=128,21,1,1

[Object Layer 1]
# Key
type=Key
location=165,15,1,1

[Object Layer 1]
# Snake
type=Snake
location=13,22,1,1

[Object Layer 1]
# Diamond
type=Diamond
location=29,15,1,1

[Object Layer 1]
# Snake
type=Snake
location=33,15,1,1

[Object Layer 1]
# Ghost
type=Ghost
location=40,14,1,1

[Object Layer 1]
# Diamond
type=Diamond
location=45,10,1,1

[Object Layer 1]
# Ghost
type=Ghost
location=29,31,1,1

[Object Layer 1]
# Ghost
type=Ghost
location=36,31,1,1

[Object Layer 1]
# Snake
type=Snake
location=68,31,1,1

[Object Layer 1]
# Snake
type=Snake
location=58,11,1,1

[Object Layer 1]
# Diamond
type=Diamond
location=53,11,1,1

[Object Layer 1]
# Ghost
type=Ghost
location=77,25,1,1

[Object Layer 1]
# Diamond
type=Diamond
location=86,23,1,1

[Object Layer 1]
# Snake
type=Snake
location=92,24,1,1

[Object Layer 1]
# Ghost
type=Ghost
location=98,20,1,1

[Object Layer 1]
# Ghost
type=Ghost
location=108,21,1,1

[Object Layer 1]
# Ghost
type=Ghost
location=115,20,1,1

[Object Layer 1]
# Spider
type=Spider
location=100,23,1,1

[Object Layer 1]
# Diamond
type=Diamond
location=102,23,1,1

[Object Layer 1]
# Spider
type=Spider
location=142,20,1,1

[Object Layer 1]
# Ghost
type=Ghost
location=148,19,1,1

[Object Layer 1]
# Spider
type=Spider
location=172,22,1,1

[layer]
type=Tile Layer 1
data=
0,0,0,0,0,0,0,0,0,0,0,0,0,0,0,0,0,0,0,0,0,0,0,0,0,0,0,0,0,0,0,0,0,0,0,0,0,0,0,0,0,0,0,0,0,0,0,0,0,0,0,0,0,0,0,0,0,0,0,0,0,0,0,0,0,0,0,0,0,0,0,0,0,0,0,0,0,0,0,0,0,0,0,0,0,0,0,0,0,0,0,0,0,0,0,0,0,0,0,0,0,0,0,0,0,0,0,0,0,0,0,0,0,0,0,0,0,0,0,0,0,0,0,0,0,0,0,0,0,0,0,0,0,0,0,0,0,0,0,0,0,0,0,0,0,0,0,0,0,0,0,0,0,0,0,193,0,193,0,0,193,0,0,193,0,193,0,0,0,0,0,0,0,0,0,0,0,0,0,0,0,0,0,0,0,0,0,0,0,0,0,0,0,0,0,0,0,0,0,0,
0,0,0,0,0,0,0,0,0,0,0,0,0,0,0,0,0,0,0,0,0,0,0,0,0,0,0,0,0,0,0,0,0,0,0,0,0,0,0,0,0,0,0,0,0,0,0,0,0,0,0,0,0,0,0,0,0,0,0,0,0,0,0,0,0,0,0,0,0,0,0,0,0,0,0,0,0,0,0,0,0,0,0,0,0,0,0,0,0,0,0,0,0,0,0,0,0,0,0,0,0,0,0,0,0,0,0,0,0,0,0,0,0,0,0,0,0,0,0,0,0,0,0,0,0,0,0,0,0,0,0,0,0,0,0,0,0,0,0,0,0,0,0,0,0,0,0,0,0,0,0,0,0,0,0,193,0,193,0,0,193,0,0,193,0,193,0,0,0,0,0,0,0,0,0,0,0,0,0,0,0,0,0,0,0,0,0,0,0,0,0,0,0,0,0,0,0,0,0,0,
0,0,0,0,0,0,0,0,0,0,0,0,0,0,0,0,0,0,0,0,0,0,0,0,0,0,0,0,0,0,0,0,0,0,0,0,0,0,0,0,0,0,0,0,0,0,0,0,0,0,0,0,0,0,0,0,0,0,0,0,0,0,0,0,0,0,0,0,0,0,0,0,0,0,0,0,0,0,0,0,0,0,0,0,0,0,0,0,0,0,0,0,0,0,0,0,0,0,0,0,0,0,0,0,0,0,0,0,0,0,0,0,0,0,0,0,0,0,0,0,0,0,0,0,0,0,0,0,0,0,0,0,0,0,0,0,0,0,0,0,0,0,0,0,0,0,0,0,0,0,0,0,0,0,0,193,0,193,0,0,193,0,0,193,0,193,0,0,0,0,0,0,0,0,0,0,0,0,0,0,0,0,0,0,0,0,0,0,0,0,0,0,0,0,0,0,0,0,0,0,
0,0,0,0,0,0,0,0,0,0,0,0,0,0,0,0,0,0,0,0,0,0,0,0,0,0,0,0,0,0,0,0,0,0,0,0,0,0,0,0,0,0,0,0,0,0,0,0,0,0,0,0,0,0,0,0,0,0,0,0,0,0,0,0,0,0,0,0,0,0,0,0,0,0,0,0,0,0,0,0,0,0,0,0,0,0,0,0,0,0,0,0,0,0,0,0,0,0,0,0,0,0,0,0,0,0,0,0,0,0,0,0,0,0,0,0,0,0,0,0,0,0,0,0,0,0,0,0,0,0,0,0,0,0,0,0,0,0,0,0,0,0,0,0,0,0,0,0,0,0,0,0,0,0,0,193,0,193,0,0,193,0,0,193,0,193,0,0,0,0,0,0,0,0,0,0,0,0,0,0,0,0,0,0,0,0,0,0,0,0,0,0,0,0,0,0,0,0,0,0,
0,0,0,0,0,0,0,0,0,0,0,0,0,0,0,0,0,0,0,0,0,0,0,0,0,0,0,0,0,0,0,0,0,0,0,0,0,0,0,0,0,0,0,0,0,0,0,0,0,0,0,0,0,0,0,0,0,0,0,0,0,0,0,0,0,0,0,0,0,0,0,0,0,0,0,0,0,0,0,0,0,0,0,0,0,0,0,0,0,0,0,0,0,0,0,0,0,0,0,0,0,0,0,0,0,0,0,0,0,0,0,0,0,0,0,0,0,0,0,0,0,0,0,0,0,0,0,0,0,0,0,0,0,0,0,0,0,0,0,0,0,0,0,0,0,0,0,0,0,0,0,0,0,0,0,193,0,193,0,0,193,0,0,193,0,193,0,0,0,0,0,0,0,0,0,0,0,0,0,0,0,0,0,0,0,0,0,0,0,0,0,0,0,0,0,0,0,0,0,0,
0,0,0,0,0,0,0,0,0,0,0,0,0,0,0,0,0,0,0,0,0,0,0,0,0,0,0,0,0,0,0,0,0,0,0,0,0,0,0,0,0,0,0,0,0,0,0,0,0,0,0,0,0,0,0,0,0,0,0,0,0,0,0,0,0,0,0,0,0,0,0,0,0,0,0,0,0,0,0,0,0,0,0,0,0,0,0,0,0,0,0,0,0,0,0,0,0,0,0,0,0,0,0,0,0,0,0,0,0,0,0,0,0,0,0,0,0,0,0,0,0,0,0,0,0,0,0,0,0,0,0,0,0,0,0,0,0,0,0,0,0,0,0,0,0,0,0,0,0,0,0,0,0,0,0,193,0,193,0,0,193,0,0,193,0,193,0,0,0,0,0,0,0,0,0,0,0,0,0,0,0,0,0,0,0,0,0,0,0,0,0,0,0,0,0,0,0,0,0,0,
0,0,0,0,0,0,0,0,0,0,0,0,0,0,0,0,0,0,0,0,0,0,0,0,0,0,0,0,0,0,0,0,0,0,0,0,0,0,0,0,0,0,0,0,0,0,0,0,0,0,0,0,0,0,0,0,0,0,0,0,0,0,0,0,0,0,0,0,0,0,0,0,0,0,0,0,0,0,0,0,0,0,0,0,0,0,0,0,0,0,0,0,0,0,0,0,0,0,0,0,0,0,0,0,0,0,0,0,0,0,0,0,0,0,0,0,0,0,0,0,0,0,0,0,0,0,0,0,0,0,0,0,0,0,0,0,0,0,0,0,0,0,0,0,0,0,0,0,0,0,0,0,0,0,0,193,0,193,0,0,193,0,0,193,0,193,0,0,0,0,0,0,0,0,0,0,0,0,0,0,0,0,0,0,0,0,0,0,0,0,0,0,0,0,0,0,0,0,0,0,
0,0,0,0,0,0,0,0,0,0,0,0,0,0,0,0,0,0,0,0,0,0,0,0,0,0,0,0,0,0,0,0,0,0,0,0,0,0,0,0,0,0,0,0,0,0,0,0,0,0,0,0,0,0,0,0,0,0,0,0,0,0,0,0,0,0,0,0,0,0,0,0,0,0,0,0,0,0,0,0,0,0,0,0,0,0,0,0,0,0,0,0,0,0,0,0,0,0,0,0,0,0,0,0,0,0,0,0,0,0,0,0,0,0,0,0,0,0,0,0,0,0,0,0,0,0,0,0,0,0,0,0,0,0,0,0,0,0,0,0,0,0,0,0,0,0,0,0,0,0,0,0,0,0,0,193,0,193,0,0,193,0,0,193,0,193,0,0,0,0,0,0,0,0,0,0,0,0,0,0,0,0,0,0,0,0,0,0,0,0,0,0,0,0,0,0,0,0,0,0,
0,0,0,0,0,0,0,0,0,0,0,0,0,0,0,0,0,0,0,0,0,0,0,0,0,0,0,0,0,0,0,0,0,0,0,0,0,0,0,0,0,0,0,0,0,0,0,0,0,0,0,0,0,0,0,0,0,0,0,0,0,0,0,0,0,0,0,0,0,0,0,0,0,0,0,0,0,0,0,0,0,0,0,0,0,0,0,0,0,0,0,0,0,0,0,0,0,0,0,0,0,0,0,0,0,0,0,0,0,0,0,0,0,0,0,0,0,0,0,0,0,0,0,0,0,0,0,0,0,0,0,0,0,0,0,0,0,0,0,0,0,0,0,0,0,0,0,0,0,0,0,0,0,0,0,193,0,193,0,0,193,0,0,193,0,193,0,0,0,0,0,0,0,0,0,0,0,0,0,0,0,0,0,0,0,0,0,0,0,0,0,0,0,0,0,0,0,0,0,0,
0,0,0,0,0,0,0,0,0,0,0,0,0,0,0,0,0,0,0,0,0,0,0,0,0,0,0,0,0,0,0,0,0,0,0,0,0,0,0,0,0,0,0,0,0,0,0,0,193,193,193,0,0,0,0,0,0,0,0,0,0,0,0,0,0,0,0,0,0,0,0,0,0,0,0,0,0,0,0,0,0,0,0,0,0,0,0,0,0,0,0,0,0,0,0,0,0,0,0,0,0,0,0,0,0,0,0,0,0,0,0,0,0,0,0,0,0,0,0,0,0,0,0,0,0,0,0,0,0,0,0,0,0,0,0,0,0,0,0,0,0,0,0,0,0,0,0,0,0,0,0,0,0,0,0,193,0,193,0,0,193,0,0,193,0,193,0,0,0,0,0,0,0,0,0,0,0,0,0,0,0,0,0,0,0,0,0,0,0,0,0,0,0,0,0,0,0,0,0,0,
200,0,0,0,0,0,0,0,0,0,0,0,0,0,0,0,0,0,0,0,0,0,0,0,0,0,0,0,0,0,0,0,0,0,0,0,0,0,0,0,0,0,0,0,0,0,0,0,0,0,0,0,201,0,0,0,459,0,0,201,0,0,0,0,0,0,0,0,0,0,0,0,0,0,0,0,0,0,0,0,0,0,0,0,0,0,0,0,0,0,0,0,0,0,0,0,0,0,0,0,0,0,0,0,0,0,0,0,0,0,0,0,0,0,0,0,0,0,0,0,0,0,0,0,0,0,0,0,0,0,0,0,0,0,0,0,0,0,0,0,0,0,0,0,0,0,0,0,0,0,0,0,0,0,0,193,0,193,0,0,193,0,0,193,0,193,0,0,0,0,0,0,0,0,0,0,0,0,0,0,0,0,0,0,0,0,0,0,0,0,0,0,0,0,0,0,0,0,0,0,
200,0,0,0,0,0,0,0,0,0,0,0,0,0,0,0,0,0,0,0,0,0,0,0,0,0,0,0,0,0,0,0,0,0,0,0,0,0,0,0,0,0,0,0,0,193,193,193,0,0,0,0,0,123,123,123,123,123,123,0,0,0,0,0,0,0,0,0,0,0,0,0,0,0,0,0,0,0,0,0,0,0,0,0,0,0,0,0,0,0,0,0,0,0,0,0,0,0,0,0,0,0,0,0,0,0,0,0,0,0,0,0,0,0,0,0,0,0,0,0,0,0,0,0,0,0,0,0,0,0,0,0,0,0,0,0,0,0,0,0,0,0,0,0,0,0,0,0,0,0,0,0,0,0,0,193,0,193,0,0,193,0,0,193,0,193,0,0,0,0,0,0,0,0,0,0,0,201,0,0,0,0,0,0,0,0,0,0,0,0,0,0,0,0,0,0,0,0,0,200,
200,0,0,0,0,0,0,0,0,0,0,0,0,0,0,0,0,0,0,0,0,0,0,0,0,0,0,0,0,0,0,0,0,0,0,0,0,0,0,0,0,0,0,0,0,0,0,0,0,0,0,0,0,153,153,153,153,153,153,0,0,0,0,0,0,0,0,0,0,0,0,0,0,0,0,0,0,0,0,0,0,0,0,0,0,0,0,0,0,0,0,0,0,0,0,0,0,0,0,0,0,0,0,0,0,0,0,0,0,0,0,0,0,0,0,0,0,0,0,0,0,0,0,0,0,0,0,0,0,0,0,0,0,0,0,0,0,0,0,0,0,0,0,0,0,0,0,0,0,0,0,0,0,0,0,193,0,193,0,0,193,0,0,193,0,193,0,0,0,0,0,0,0,0,0,0,0,0,0,0,0,0,0,0,0,0,0,0,0,0,0,0,0,0,0,0,0,0,0,200,
200,0,0,0,0,0,0,0,0,0,0,0,0,0,0,0,0,0,0,0,0,193,193,193,0,0,0,0,0,0,0,0,0,0,0,0,0,0,0,0,0,0,193,193,193,0,0,0,0,0,0,0,0,153,153,153,153,153,153,0,0,0,0,0,0,0,0,0,0,0,0,0,0,0,0,0,0,0,0,0,0,0,0,0,0,0,0,0,0,0,0,0,0,0,0,0,0,0,0,0,0,0,0,0,0,0,0,0,0,0,0,0,0,0,0,0,0,0,0,0,0,0,0,0,0,0,0,0,0,0,0,0,0,0,0,0,0,0,0,0,0,0,0,0,0,0,0,0,0,0,0,0,0,0,0,193,0,193,0,0,193,0,0,193,0,193,0,0,0,0,0,0,0,0,0,0,0,0,0,0,0,0,0,0,0,0,0,0,0,0,0,0,0,0,0,0,0,0,0,200,
200,0,0,0,0,0,0,0,0,0,0,0,0,0,0,0,0,0,0,0,0,0,0,0,0,0,0,0,0,0,0,0,0,0,0,0,0,0,201,0,0,0,201,0,0,0,0,0,0,0,0,0,0,153,153,153,153,153,153,0,0,0,0,0,0,0,0,0,0,0,0,0,0,0,0,0,0,0,0,0,0,0,0,0,0,0,0,0,0,0,0,0,0,0,0,0,0,0,0,0,0,0,0,0,0,0,0,0,0,0,0,0,0,0,0,0,0,0,0,0,0,0,0,0,0,0,0,0,0,0,0,0,0,0,0,0,0,0,0,0,0,0,0,0,0,0,0,0,0,0,0,0,0,0,0,193,0,193,0,0,193,0,0,193,0,0,0,0,0,0,0,0,0,0,0,0,0,0,0,0,0,0,0,0,0,0,0,0,0,0,0,0,0,0,0,0,0,0,0,200,
200,0,0,0,0,0,0,0,0,0,0,0,0,0,0,0,201,0,0,0,0,0,201,0,0,0,201,0,0,0,0,0,457,0,0,0,201,0,0,193,193,193,0,0,0,0,0,0,0,124,124,0,0,153,153,153,153,153,153,0,0,0,0,0,0,0,0,0,0,0,0,0,0,0,0,0,0,0,0,0,0,0,0,0,0,0,0,0,0,0,0,0,0,0,0,0,0,0,0,0,0,0,0,0,0,0,0,0,0,0,0,0,0,0,0,0,0,0,0,0,0,0,0,0,0,0,0,0,0,0,0,0,0,0,0,0,0,0,0,0,0,0,0,0,0,0,0,0,0,0,0,0,0,0,0,193,0,193,0,0,193,0,0,193,0,0,0,0,0,0,0,0,0,0,0,0,0,0,0,193,193,193,193,193,193,193,193,193,193,0,0,0,0,0,0,0,0,0,0,200,
200,0,0,0,0,0,0,0,0,0,0,0,0,0,0,0,0,193,193,193,193,193,0,0,0,0,0,124,124,124,124,124,124,124,124,124,0,0,0,0,0,0,0,193,193,193,0,0,0,153,153,0,0,0,0,0,0,0,0,0,0,0,0,0,0,0,0,0,0,0,0,0,0,0,0,0,0,0,0,0,0,0,0,0,0,0,0,0,0,0,0,0,0,0,0,0,0,0,0,0,0,0,0,0,0,0,0,0,0,0,0,0,0,0,0,0,0,0,0,0,0,0,0,0,0,0,0,0,0,0,0,0,0,0,0,0,0,0,0,0,0,0,0,0,0,0,0,0,0,0,0,0,0,0,0,0,0,193,0,0,193,0,0,0,0,0,0,0,0,0,0,0,0,0,0,0,0,193,0,429,0,0,0,0,0,0,0,0,429,0,0,0,0,0,0,0,0,0,0,200,
200,0,0,0,0,0,0,0,0,0,0,0,0,0,0,0,0,0,0,0,0,0,0,0,0,0,0,153,153,153,153,153,153,153,153,153,0,0,0,0,0,0,0,0,0,0,0,0,0,153,153,0,0,0,0,0,0,0,0,0,0,0,0,0,0,0,0,0,0,0,0,0,0,0,0,0,0,0,0,0,0,0,0,0,0,0,0,0,0,0,0,0,0,0,0,0,0,0,0,0,0,0,0,0,0,0,0,0,0,0,0,0,0,0,0,0,0,0,0,0,0,0,0,0,0,0,0,0,0,0,0,0,0,0,0,0,0,0,0,0,0,0,0,0,0,0,0,0,0,0,0,0,0,0,0,0,0,0,0,0,0,0,0,0,0,429,0,0,0,0,0,0,0,0,0,0,0,193,0,431,0,0,0,0,0,0,0,0,431,0,0,0,0,0,0,0,0,0,0,200,
200,0,0,0,0,0,0,0,0,0,0,0,0,201,0,0,0,201,0,0,0,0,0,0,0,0,0,153,153,153,153,153,153,153,153,153,0,0,0,0,193,193,193,0,0,0,0,0,0,153,153,0,0,0,0,0,0,0,0,0,0,0,0,0,0,0,0,0,0,0,0,0,0,0,0,0,0,0,0,0,0,0,0,0,0,0,0,0,0,0,0,0,0,0,0,0,0,0,0,0,0,0,0,0,0,0,0,0,0,0,0,0,0,0,0,0,0,0,0,0,0,0,0,0,0,0,0,0,0,0,0,0,0,0,0,0,0,0,0,0,0,0,0,0,0,0,201,0,0,0,0,0,201,0,0,0,0,0,0,0,0,0,0,0,0,431,0,0,0,0,0,0,0,0,0,0,0,0,0,433,0,0,0,0,0,0,0,0,433,0,0,0,0,0,0,0,0,0,0,200,
200,0,0,0,0,0,0,0,0,0,0,0,0,0,193,193,193,0,0,0,0,0,0,0,0,0,0,153,153,153,153,153,153,153,153,153,0,0,0,0,0,0,0,0,0,0,0,0,0,153,153,0,0,0,0,0,0,0,0,201,0,459,0,0,0,459,0,0,201,0,0,0,0,0,0,0,0,0,0,0,0,0,0,0,0,0,0,0,0,0,0,0,0,0,201,0,0,0,0,0,201,0,0,0,0,0,0,0,0,0,0,0,0,0,0,0,0,0,0,0,0,0,0,0,0,0,0,0,0,0,0,0,0,0,0,0,0,0,201,0,457,0,0,0,201,0,0,193,193,193,193,193,0,0,0,429,0,0,0,0,0,0,0,429,0,430,0,0,0,0,0,0,0,0,0,0,0,0,0,430,0,0,0,0,0,0,0,0,430,0,0,0,0,0,0,0,0,0,137,200,
200,0,0,0,0,0,0,0,0,0,0,0,0,0,0,0,0,0,0,0,0,0,0,0,0,0,0,153,153,153,153,153,153,153,153,153,0,193,193,193,0,0,0,0,0,0,0,0,0,153,153,0,0,0,0,0,0,0,0,0,123,123,123,123,123,123,123,123,0,0,0,0,0,0,0,0,0,0,0,0,0,0,0,0,0,0,0,0,0,0,0,0,0,0,0,193,193,193,193,193,0,0,0,0,0,201,0,0,0,0,0,0,201,0,201,0,0,0,0,0,201,0,0,0,0,0,0,0,0,0,0,0,0,0,0,0,0,0,0,123,123,123,123,123,0,0,0,0,0,0,0,0,0,0,0,431,0,429,0,0,429,0,0,431,0,430,0,0,0,0,0,0,0,0,0,193,0,0,0,430,0,0,0,0,0,0,0,0,430,0,0,0,0,0,0,0,0,0,138,200,
200,0,0,0,0,0,0,0,0,0,0,201,0,0,0,0,0,201,0,0,0,0,0,0,0,0,0,153,153,153,153,153,153,153,153,153,0,0,0,0,0,0,0,0,0,0,0,0,0,153,153,0,0,0,0,0,0,0,0,0,153,153,153,153,153,153,153,153,0,0,0,0,0,0,0,0,0,0,0,0,0,0,0,0,0,0,0,0,0,0,0,0,0,0,0,0,0,0,0,0,0,0,0,0,0,0,193,193,193,193,193,193,0,0,0,193,193,193,193,193,0,0,0,0,0,0,0,0,0,0,0,0,0,0,0,0,0,0,0,153,153,153,153,153,0,0,0,0,0,0,0,0,0,0,0,432,0,431,0,0,431,0,0,430,0,430,0,0,201,0,459,0,0,0,459,193,0,0,0,430,0,0,0,0,0,0,0,0,430,0,0,0,0,0,0,0,0,0,138,200,
200,0,0,0,0,0,0,0,0,0,0,0,125,125,125,125,125,0,0,0,0,0,0,0,0,0,0,153,153,153,153,153,153,153,153,153,0,0,0,0,193,193,193,0,0,0,0,0,0,153,153,0,0,0,0,0,0,0,0,0,153,153,153,153,153,153,153,153,0,0,0,0,0,0,0,0,0,0,0,0,0,0,0,0,0,0,0,0,0,0,0,0,0,0,0,0,0,0,0,0,0,0,0,0,0,0,0,0,0,0,0,0,0,0,0,0,0,0,0,0,0,0,0,0,0,0,0,0,123,123,0,0,0,429,0,0,429,0,0,153,153,153,153,153,0,0,0,0,0,0,0,0,0,0,0,430,0,430,0,0,432,0,0,430,0,432,0,0,0,123,123,123,123,123,123,123,0,0,0,430,0,0,0,0,0,0,0,0,430,0,0,201,0,256,0,0,0,0,138,200,
200,19,0,0,0,0,0,0,0,0,0,0,153,153,153,153,153,0,0,0,0,0,0,0,0,0,0,153,153,153,153,153,153,153,153,153,0,0,0,0,0,0,0,0,0,0,0,0,0,153,153,0,0,0,0,0,0,0,0,0,153,153,153,153,153,153,153,153,0,0,0,0,0,0,0,0,0,0,0,0,0,0,201,0,0,459,0,0,0,459,0,0,0,0,457,0,201,0,0,0,193,193,193,193,0,0,0,0,0,0,0,0,0,0,0,0,0,0,0,0,0,0,0,0,193,0,0,0,153,153,0,0,0,430,0,0,430,0,0,153,153,153,153,153,0,0,0,0,0,0,0,0,0,0,0,430,0,432,0,0,430,0,0,432,0,430,0,0,0,153,153,153,153,153,153,153,0,0,0,430,0,0,0,0,0,0,0,0,430,0,0,0,123,123,123,123,123,123,123,123,
123,123,123,123,123,123,123,123,123,124,0,0,153,153,153,153,153,0,0,0,0,0,0,0,0,0,0,153,153,153,153,153,153,153,153,153,0,0,0,0,0,0,0,193,193,193,0,0,0,153,153,0,0,0,0,0,0,0,0,0,153,153,153,153,153,153,153,153,0,0,0,193,193,193,193,0,0,0,0,0,0,0,0,123,123,123,123,123,123,123,123,123,123,123,123,123,0,0,0,0,0,0,0,0,0,0,0,0,0,0,0,0,0,0,0,0,0,0,0,0,0,201,0,201,193,0,0,0,153,153,0,0,0,430,0,0,430,0,0,153,153,153,153,153,0,0,0,0,0,0,0,0,0,0,0,430,0,430,0,0,430,0,0,430,0,430,0,0,0,153,153,153,153,153,153,153,0,0,0,430,0,0,0,0,0,0,0,0,430,0,0,0,153,153,153,153,153,153,153,153,
153,153,153,153,153,153,153,153,153,153,0,0,153,153,153,153,153,0,0,0,0,0,0,0,0,0,0,153,153,153,153,153,153,153,153,153,0,0,0,0,0,0,0,0,0,0,0,0,0,153,153,0,0,0,0,0,0,0,0,0,153,153,153,153,153,153,153,153,0,0,0,0,0,0,0,201,0,0,0,0,201,0,0,153,153,153,153,153,153,153,153,153,153,153,153,153,0,0,0,0,0,0,0,0,0,0,0,0,0,0,0,0,0,0,0,0,0,0,0,0,0,0,193,0,193,0,0,0,153,153,0,0,0,430,0,0,430,0,0,153,153,153,153,153,0,0,0,0,0,0,0,0,0,0,0,432,0,430,0,0,432,0,0,430,0,432,0,0,0,153,153,153,153,153,153,153,0,0,0,430,0,0,0,0,0,0,0,0,430,0,0,0,153,153,153,153,153,153,153,153,
153,153,153,153,153,153,153,153,153,153,0,0,153,153,153,153,153,0,0,0,0,0,0,0,0,0,0,0,0,0,0,0,0,0,0,0,0,0,0,0,193,193,193,0,0,0,0,0,0,153,153,0,0,0,0,0,0,0,0,0,153,153,153,153,153,153,153,153,0,0,0,0,0,0,0,0,193,193,193,193,0,0,0,153,153,153,153,153,153,153,153,153,153,153,153,153,0,0,0,0,0,0,0,0,0,0,0,0,0,0,0,0,0,0,0,123,0,0,0,0,0,0,193,0,193,0,0,0,153,153,0,0,0,430,0,0,430,0,0,153,153,153,153,153,0,0,0,0,0,0,0,0,0,0,0,430,0,430,0,0,430,0,0,432,0,430,0,0,0,153,153,153,153,153,153,153,0,0,0,430,0,0,0,0,0,0,0,0,430,0,0,0,153,153,153,153,153,153,153,153,
153,153,153,153,153,153,153,153,153,153,0,0,153,153,153,153,153,0,0,0,0,0,0,0,0,0,0,0,0,0,0,0,0,0,0,0,0,0,0,0,0,0,0,0,0,0,0,0,0,153,153,0,0,0,0,0,0,0,0,0,153,153,153,153,153,153,153,153,0,0,0,0,0,0,0,0,0,0,0,0,0,0,0,153,153,153,153,153,153,153,153,153,153,153,153,153,0,0,0,0,0,0,0,0,0,0,0,0,0,0,0,0,0,0,0,153,0,0,0,0,193,0,193,0,193,0,0,0,153,153,0,0,0,430,0,0,430,0,0,153,153,153,153,153,0,0,0,0,0,0,0,0,0,0,0,430,0,430,0,0,430,0,0,430,0,430,0,0,0,153,153,153,153,153,153,153,0,0,0,430,0,0,0,0,0,0,0,0,430,0,0,0,153,153,153,153,153,153,153,153,
153,153,153,153,153,153,153,153,153,153,0,0,153,153,153,153,153,0,0,0,0,0,0,0,0,0,0,0,0,0,0,0,0,0,0,0,0,193,193,193,0,0,0,0,0,0,0,0,0,153,153,0,0,0,0,0,0,0,0,0,0,0,0,0,0,0,0,0,0,0,0,0,193,193,193,193,0,0,0,0,0,0,0,153,153,153,153,153,153,153,153,153,153,153,153,153,0,0,0,0,0,0,0,0,0,0,0,0,0,0,0,0,0,0,0,153,0,0,0,0,193,0,193,0,193,0,0,0,153,153,0,0,0,430,0,0,430,0,0,153,153,153,153,153,0,0,0,0,0,0,0,0,0,0,0,430,0,432,0,0,430,0,0,430,0,432,0,0,0,153,153,153,153,153,153,153,0,0,0,430,0,0,0,0,0,0,0,0,430,0,0,0,153,153,153,153,153,153,153,153,
153,153,153,153,153,153,153,153,153,153,0,0,153,153,153,153,153,0,0,0,0,0,0,0,0,0,0,0,0,0,0,0,0,0,0,0,0,0,0,0,0,0,0,0,0,0,0,0,0,153,153,0,0,0,0,0,0,0,0,0,0,0,0,0,0,0,0,0,0,0,0,0,0,0,0,0,0,0,0,0,0,0,0,153,153,153,153,153,153,153,153,153,153,153,153,153,0,0,0,0,0,0,0,0,0,0,0,0,0,0,0,0,0,0,0,153,0,0,193,0,193,0,193,0,193,0,0,0,153,153,0,0,0,430,0,0,430,0,0,153,153,153,153,153,0,0,0,0,0,0,0,0,0,0,0,430,0,430,0,0,432,0,0,430,0,430,0,0,0,153,153,153,153,153,153,153,0,0,0,430,0,0,0,0,0,0,0,0,430,0,0,0,153,153,153,153,153,153,153,153,
153,153,153,153,153,153,153,153,153,153,0,0,153,153,153,153,153,0,0,0,0,0,201,0,0,0,0,0,0,0,0,0,0,0,0,0,0,0,201,0,0,0,0,0,0,0,0,0,0,153,153,0,0,0,201,0,0,0,457,0,0,0,0,0,0,0,459,0,0,0,0,0,201,0,0,0,0,0,0,0,0,0,0,153,153,153,153,153,153,153,153,153,153,153,153,153,0,0,0,0,0,0,0,0,0,0,0,0,0,0,0,0,0,0,0,153,0,0,193,0,193,0,193,0,193,0,0,0,153,153,0,0,0,430,0,0,430,0,0,153,153,153,153,153,0,0,0,0,0,0,0,0,0,0,0,430,0,430,0,0,430,0,0,432,0,430,0,0,0,153,153,153,153,153,153,153,0,0,0,430,0,0,0,0,0,0,0,0,430,0,0,0,153,153,153,153,153,153,153,153,
153,153,153,153,153,153,153,153,153,153,0,0,153,153,153,153,153,0,0,0,0,0,0,153,153,153,153,153,153,153,153,153,153,153,153,153,153,153,0,0,0,0,0,0,0,0,0,0,0,153,153,0,0,0,0,123,123,123,123,123,123,123,123,123,123,123,123,123,123,123,123,123,0,0,0,0,0,0,0,0,0,0,0,153,153,153,153,153,153,153,153,153,153,153,153,153,0,0,0,0,0,0,0,0,0,0,0,0,0,0,0,0,0,0,0,153,0,0,193,0,193,0,193,0,193,0,0,0,153,153,0,0,0,430,0,0,430,0,0,153,153,153,153,153,0,0,0,0,0,0,0,0,0,0,0,432,0,430,0,0,432,0,0,430,0,432,0,0,0,153,153,153,153,153,153,153,0,0,0,430,0,0,0,0,0,0,0,0,430,0,0,0,153,153,153,153,153,153,153,153
